258
0
0
0
0
0
0
128
0
0
0
0
0
0
0
32896
0
0
0
0
0
0
0
128
0
0
0
128
0
128
128
32896
514
0
0
0
0
0
0
128
0
0
0
0
0
0
0
128
256
0
0
0
0
0
0
0
0
128
0
128
0
128
128
128
258
32768
0
0
0
32768
0
32896
256
0
0
32896
0
0
128
32896
0
32768
0
0
0
32896
128
32896
0
32768
128
32896
0
32896
32896
32896
514
0
0
128
0
0
0
32768
0
0
0
32896
0
32768
0
32896
0
0
0
32896
32768
32768
0
32896
0
32768
32768
32896
32768
32896
0
32896
258
0
0
32768
0
32768
0
32768
0
128
32768
32768
0
32896
32768
32896
0
128
32768
32768
0
32768
32768
32896
0
32896
32896
32896
0
32896
32896
32896
258
0
0
0
0
0
0
128
0
0
0
128
0
0
32768
128
0
0
0
128
0
0
0
128
32768
0
0
128
32896
128
32896
32896
258
32768
0
32896
0
32768
0
32896
0
32768
0
32896
32768
32896
0
33152
0
32768
0
32896
32768
32768
0
32896
32768
32768
0
32896
32768
32768
128
33152
258
32768
256
32768
0
32896
256
32768
256
32896
256
32768
0
32896
256
32768
32768
32768
256
32768
0
32896
256
32768
256
32896
256
32768
0
32896
256
32896
258
32768
0
32768
0
32768
32768
32768
32768
32768
32768
32768
0
32896
32768
33152
32768
33024
32896
32768
0
33152
32896
33152
32768
32896
32896
33152
0
33152
32896
33152
2
32768
33024
32896
256
32768
33408
32896
33024
32768
33280
32896
0
32896
33408
33152
34304
33281
33280
32768
0
32768
33408
33152
33024
32768
33280
32896
0
32896
33408
33152
514
768
32768
640
33536
256
32768
384
33280
256
33024
384
33536
256
33024
384
0
896
33152
384
33536
256
33024
384
33280
0
33024
384
33792
256
33152
384
2
33536
33792
34177
33536
34305
34176
34176
34048
34048
34048
34177
33792
34305
34176
34177
33024
33920
34048
34433
33792
34305
34176
34177
34304
34176
34048
34433
33920
34561
34176
34177
770
32768
33024
33408
32768
33280
33280
33408
33536
33281
33280
33408
33024
33280
33280
33408
33280
33024
33280
33408
33024
33280
33280
33408
33536
33281
33280
33408
33024
33408
33280
33409
514
34050
32768
33280
512
33152
33152
33408
33280
33281
33024
33408
512
33153
33024
33665
512
34306
33024
33280
512
33152
33152
33408
33280
33281
33024
33408
512
33153
33152
33665
1794
768
1793
641
128
258
2048
641
33024
256
2048
385
32768
258
2176
641
1280
1152
2304
385
0
257
2176
641
33024
256
2048
385
0
257
2176
641
770
33665
1664
33538
33280
33411
1152
33793
36096
34304
770
33539
33280
33411
1408
33794
33280
33921
1920
33538
33408
33667
1152
33793
36096
34432
770
33538
33280
33667
1152
33793
1538
32897
128
33664
35840
34050
32768
33280
0
33409
32896
33664
35840
34050
32769
33664
2816
32897
129
33665
35968
34049
32768
33664
0
33409
32896
33921
36096
34049
32768
33664
2306
33664
1665
33664
35072
33795
769
33664
512
33409
896
33665
35072
33794
769
33664
2560
33408
898
33921
35072
33794
769
33664
512
33410
641
33665
35072
33794
769
33664
34050
768
34817
130
37888
3
35200
129
36608
33025
34688
130
38144
3
35200
129
38912
768
35330
130
38144
2
35200
32898
36864
33024
34944
32898
38272
2
35201
32898
258
256
33409
33025
38272
133
33920
33536
38144
34817
34305
33282
38145
132
33920
33536
35584
34049
33920
33281
38273
32901
33920
33792
38144
34817
34305
33282
38144
32900
33920
33536
37122
34819
34177
35974
42240
36360
34050
35972
36352
35843
34178
36230
42241
36360
34050
35972
34816
34816
33922
35974
42113
36360
34050
35973
36608
35843
34179
36230
42240
36360
34050
35973
37890
1541
5888
3203
37378
3334
6402
3971
33792
5121
7043
3973
37248
3333
6402
3971
35584
3330
5888
3715
36608
3333
6402
3971
34048
5121
7044
3973
37248
3333
6401
3972
37890
33282
35202
33666
42497
33665
35074
34179
36352
34823
35457
34177
41984
33665
34818
34179
33280
35077
34179
33921
41856
33665
35073
34435
36608
34823
35713
34176
41984
33665
35073
34179
34818
1026
33410
33157
37635
33801
32772
132
7680
1537
389
33158
37249
34056
33027
32900
3072
33025
33665
33412
36608
34056
33028
132
7424
1281
389
33159
37249
34056
33027
32900
5122
5510
6786
4868
4098
3843
5633
6150
8192
9616
5761
5377
4224
3586
5377
5894
3584
6794
5505
5124
4352
3587
5633
6150
8192
9361
5761
5120
4224
3586
5377
5894
1026
4354
6530
5889
769
6529
5889
5760
37376
6016
5632
6016
768
6530
5889
5760
7168
3332
6531
5633
1152
6529
5888
5760
37376
6016
5632
6272
896
6530
5888
5760
36354
384
34306
2053
5889
2177
35202
2563
2304
4488
35074
2561
5760
1922
35458
2563
0
1921
35585
2308
5632
2178
35202
2563
2048
4488
35074
2305
5760
1922
35458
2307
33282
39815
41856
39178
4609
38792
43394
38921
0
39051
43522
38665
4481
39049
43649
39177
1024
38795
44034
38921
4098
38793
43649
38921
0
39307
43522
38664
4225
39049
43649
39177
6402
40452
37888
37379
8960
35973
39300
37633
9472
39296
39944
36611
8576
35973
39044
37633
34560
37123
38402
36609
8448
35717
39044
37633
9472
39297
39944
36867
8576
35973
39044
37632
13058
32897
35465
33920
1923
33413
36612
34561
34048
38403
38144
34310
1283
33155
36356
34561
7424
33667
35720
33792
1153
33413
36612
34561
34048
38659
38144
34310
1283
33155
36356
34561
1538
34436
43656
37768
897
39178
43013
37252
47104
37376
43905
38021
1026
39179
43013
37252
34816
36353
42886
38279
1409
39179
43013
37252
47104
37376
43905
38021
1282
38923
43013
37252
6658
5250
4235
34446
44676
37134
2310
35463
63232
36874
1411
36743
45059
37135
2054
35463
8448
649
2953
36236
45442
37390
2054
35719
63232
36874
1411
36743
45059
37135
2054
35463
44034
40587
40834
44289
47232
45824
39939
43524
65280
43138
39811
44546
46593
46080
40195
43524
256
41360
40067
44546
46720
45824
40195
43524
65280
43138
39811
44546
46593
46080
40195
43524
45570
37248
46594
11
33920
387
43266
2565
57856
8072
42881
2305
33026
646
43266
2565
4864
1024
42374
1801
33153
901
43010
2565
57856
8072
43137
2048
33026
391
43266
2564
33538
44801
43905
44813
34433
45457
41222
45062
33024
42375
41351
45065
34816
45458
40966
45062
51456
46607
39812
45067
35072
45458
40965
45062
32768
42375
41351
45064
35072
45714
41221
45318
9986
40082
41353
43788
17795
44687
43010
44305
50176
49036
44806
44820
17667
44429
42755
44305
26880
36258
41101
43274
17794
44688
43010
44304
50560
49037
44805
44820
17667
44686
43011
44304
1282
4365
43648
41124
42119
43276
47752
47267
61824
54079
48135
46742
43778
43792
48008
47522
41216
52770
49424
47003
44802
44304
48007
47522
61696
54079
48391
46742
44034
43792
48008
47522
37122
49567
39840
54807
44288
58370
40479
48169
43009
41163
42136
51479
43521
58624
40224
48168
44288
40898
37545
52761
43393
58369
40478
48168
43264
41164
42136
51478
43521
58880
40223
48168
22018
19968
40962
22793
16001
21129
38659
22402
6656
30210
37513
21892
14848
21131
38658
21890
8960
11550
40197
21000
14976
21128
38403
22146
6656
30210
37513
21892
14848
21131
38658
21890
41986
36630
43275
46243
59906
47645
41472
48546
63488
48949
38287
48545
60291
48668
42368
48545
50176
45325
48147
48031
60420
48412
41729
48546
63488
48949
38287
48545
60291
48924
42368
48802
37378
58887
49414
43056
19459
64199
47745
45601
24320
62342
47365
39222
19074
63942
47745
45088
44544
34455
44424
37156
19201
63435
47746
45343
24320
62342
47620
39222
19074
64198
48001
45343
59138
36511
59402
48687
45825
42401
55434
45607
48384
49333
56338
43559
45057
41123
54922
45349
46336
39829
51200
42269
44673
40869
55179
45605
48384
49333
56338
43558
45056
41123
55178
45605
33282
26320
21133
12054
5888
2561
21522
13604
47488
19138
22161
8981
4993
2308
21522
13604
49920
19630
21398
7441
4866
2309
21522
13348
47360
19138
22161
8981
4993
2308
21522
13348
32258
48804
5765
35718
49920
28953
11027
36098
44800
45207
13980
33165
49921
28182
10769
35842
48128
29824
8842
30848
49538
28186
11026
35843
44800
45207
13980
33165
49921
28182
10769
35842
38146
3740
11539
42529
8712
41143
7319
48173
42496
56499
9743
45620
8582
42163
6550
48174
3840
58540
33316
47669
9220
42675
6804
48431
42624
56754
9487
45620
8582
42163
6550
48174
43266
46512
50821
37676
47236
35467
50311
33071
56064
59615
53527
32797
46597
35215
49542
33326
45312
34725
45192
33828
46724
34702
50056
33070
56064
59615
53527
32797
46597
35216
49543
33326
17666
53926
15236
43024
10243
34434
15880
43537
45952
58025
16523
39939
9348
33923
15624
43025
33536
30977
13700
36629
8710
33538
15881
43282
45568
58024
16523
39939
9348
33923
15624
43025
11010
7209
3846
14482
41473
21899
7426
8601
5888
33106
10122
12938
39939
21390
6913
8599
2304
35978
3080
13696
39301
21132
7170
8856
5888
33362
10122
12938
39939
21390
6913
8600
10754
43557
18979
65031
52102
54970
8891
40071
56064
64317
5194
33821
50179
53683
8888
39559
37120
37146
10027
63493
49793
54456
8377
40071
56064
64316
5194
33821
50179
53427
8888
39559
42242
33156
60421
55069
48400
53270
42514
526
9984
23224
42381
62603
44162
53003
41743
12
45056
8838
1183
62725
41861
54542
41484
524
10112
23225
42381
62604
44163
53003
41742
12
23554
47917
40864
26552
43918
22032
28430
17849
53632
14179
27277
17832
39428
21268
27920
17591
29952
1342
23693
17314
37890
20246
27665
17591
53504
14180
27277
17832
39428
21268
27920
17591
34818
36631
22
14118
60688
19348
2698
17949
29696
27837
5376
20241
58248
18587
2443
17692
43008
11914
34584
17955
57093
19607
2698
18204
29696
27837
5632
20241
58504
18587
2443
17691
40194
13301
42242
13126
6800
3976
40708
19540
2816
39833
41095
13614
3849
4748
40451
19283
11520
21481
40576
14139
2435
4489
40452
19539
2816
39833
41095
13613
3849
4749
40451
19027
56834
44584
27409
49923
24338
54941
32896
43919
46848
42267
35207
48513
26761
53662
32642
43407
11264
24639
33032
45067
27909
53914
32898
43662
46720
42267
35208
48513
26762
53662
32643
43407
25090
50577
43421
49664
63888
44416
51462
46612
62208
64662
53761
45851
65035
42498
51464
45843
56832
59314
53898
42371
33669
43397
51976
46098
62208
64663
53761
45850
65035
42754
51464
45843
6914
4048
53251
3152
23562
3270
57228
4438
3840
2029
59155
4179
25220
3524
56971
4437
45568
12762
55814
4680
26113
3526
56972
4437
3968
1773
59155
4178
25220
3268
56715
4437
43010
52575
47380
54506
45446
53084
40324
57325
51200
56463
37510
56553
44806
53592
40583
57580
65024
39785
43028
57306
45442
54107
40325
57324
51200
56464
37510
56553
44806
53592
40839
57580
17410
41245
20751
51846
56065
45252
16533
63627
9472
61272
15641
57892
54660
44984
16532
63113
45568
59658
15378
55556
53766
46015
16276
63626
9472
61528
15641
57892
54660
44984
16532
63113
34306
33941
54667
49425
43394
45329
51718
41490
55808
36782
53506
41987
41733
44554
51462
41233
55296
65433
47248
40707
41605
44041
51460
41232
55808
36783
53506
41987
41733
44810
51462
41488
46594
57258
25344
32136
61057
13583
25614
28813
26752
54145
26777
21916
58754
12304
25612
27788
6144
4658
24194
17154
57861
11801
25614
28043
26368
54145
26777
21916
58754
12304
25356
27788
53506
3395
36737
38614
51968
39765
40977
40139
47616
37202
44961
40657
50691
40785
40206
40394
46336
48694
37379
41156
50308
41044
40720
40138
47616
37203
44705
40657
50691
40785
40206
40394
64770
51936
5127
54637
29575
53121
34449
58985
42880
36586
35863
56695
25985
52986
34448
58984
18432
59087
35852
57705
24328
53243
34704
59240
42752
36842
35863
56695
25985
52986
34448
58984
33794
58776
36096
1057
35594
3624
53781
14621
26881
35310
51865
12937
64641
3868
53522
14362
64000
19851
50321
11528
63362
5407
53265
14874
27008
35310
51865
12937
64641
3868
53778
14106
57858
30848
49797
26117
4484
24982
47621
24578
24704
19477
48780
23822
1921
25491
47109
24578
36096
28809
44035
25605
1028
24981
47110
24578
24320
19221
48780
23822
1921
25491
47109
24578
58882
48169
41756
62475
47628
51858
40342
62467
53760
35072
38160
57352
45188
52117
40855
62466
50432
34054
43039
57611
44033
51605
40598
62210
53760
35328
38160
57352
45445
52117
40855
62465
48898
45582
34323
46221
39681
45576
4482
47756
4352
48911
7045
46987
39808
45832
4228
47755
55552
50442
2828
47240
39681
46089
4483
47755
4352
48911
7046
46986
39808
45832
4228
47755
49922
48801
51974
48659
60546
49033
49541
47639
48384
48291
50444
47891
60673
49032
49029
47382
57088
42653
46978
47886
60928
48777
49286
47638
48384
48291
50443
47890
60673
49032
49029
47638
16386
15874
51589
9615
7045
7691
50691
7822
40448
6679
51200
7565
5121
7436
50691
7566
5120
6411
50053
7309
4609
7436
50691
7566
40448
6679
51200
7309
5121
7436
50691
7566
2306
38682
36097
389
23427
3209
36995
34704
38656
37674
36612
134
21632
2954
36994
34960
2048
39959
37121
33668
20739
3208
36995
34704
38656
37674
36868
134
21632
2954
36995
34960
39682
44955
35968
37923
17289
36261
38792
37918
9984
40086
39949
37410
16647
35493
38535
37918
10240
37020
39174
36382
16259
35749
38791
37918
9984
40086
39693
37409
16647
35493
38535
37918
23554
34730
11143
38965
47361
40115
14597
40238
31744
41646
13952
40240
46592
40629
15108
39982
12288
43687
16773
41261
46464
40886
14851
39981
31488
41646
13952
40240
46592
40629
14852
39981
37890
55079
37281
40430
45971
50541
1345
42192
55296
51046
2505
48593
49679
49526
1343
41934
56320
56463
9418
42979
49552
51825
1598
42191
55424
51046
2249
48593
49935
49526
1342
41934
37634
12700
54411
5648
33934
38035
56324
6926
38656
20627
58884
1545
37126
37519
55558
6671
59904
50438
58248
36896
38529
38533
56070
6673
38656
20626
58884
1545
37126
37519
55558
6671
1794
42180
46785
3249
53633
45660
51256
5255
41088
11156
54441
36006
54276
47197
51512
4998
37888
35034
39384
33458
52619
46682
51508
4743
41344
10899
54441
36006
54532
47197
51512
4742
60162
46869
54558
47625
7042
53429
48818
40589
14208
32317
47923
45581
4229
52660
48816
40332
62720
24110
37951
43537
2060
52659
48301
40332
14080
32317
47924
45325
4229
52660
48816
40332
8962
38208
62595
34739
40585
34322
3611
41410
51840
48754
4256
40619
40457
33043
3353
41409
65024
44645
14496
37046
40585
34322
3607
41665
51712
48754
4000
40619
40713
33043
3352
41409
39426
36225
49170
53293
15238
48301
50572
49442
52992
54449
51728
47658
14338
47021
50572
49185
40960
38157
45824
47898
12804
46255
50574
49441
52992
54450
51727
47658
14338
47021
50573
49185
35586
42126
63488
45840
61956
46721
35730
47639
46080
42914
38431
47125
60417
46977
35472
47895
49408
8368
35077
52354
59779
47497
35729
47637
46080
42914
38431
46868
60416
46977
35472
47638
34818
46773
35463
57881
39311
34956
38659
57626
6016
46509
38790
62223
42757
35467
38659
58138
58112
61329
43526
63000
44802
35720
38916
58138
5888
46509
38790
62223
42757
35467
38659
58138
47618
41743
35204
45998
60680
43800
35074
51115
35712
57682
33669
49314
60292
43802
35330
51115
46592
33814
39427
49563
59395
44572
35075
51114
35584
57682
33669
49058
60293
43802
35330
51115
19714
13753
14853
17466
61064
16288
8838
17468
13184
26850
8960
17194
58626
15779
8326
16956
57088
12992
5900
16695
57346
16032
8325
17212
13056
26594
8960
17194
58626
15779
8326
16955
4866
1568
33921
11137
35203
14977
35713
13189
36352
10761
37383
14721
34562
15234
35712
13446
256
16901
137
14212
34048
15491
35713
13190
36352
10760
37383
14465
34562
14979
35713
13190
8962
40989
35087
60432
37632
49833
36750
33159
18176
35592
34562
58886
37377
49581
37519
33415
35840
61284
40483
60183
36740
50090
37262
33159
18176
35592
34562
58886
37633
49581
37519
33415
49922
41488
56853
6410
39684
9351
52870
6534
64512
9746
48008
7556
39555
9866
53640
6534
47616
4364
60183
9217
39171
9610
53125
6535
64768
9746
48008
7557
39555
9611
53640
6279
32770
37664
48644
37041
2304
35383
44295
38833
29312
37436
40343
36527
2305
35894
44804
38832
61184
49182
52499
40376
2690
35634
44296
38577
29184
37436
40343
36528
2305
35893
44804
38833
41474
13321
58501
47015
45448
55300
38289
55970
41856
57148
41499
56983
47875
56843
38287
56224
45312
37164
38921
59793
48897
57614
38799
56224
41728
57149
41755
57239
47875
56843
38287
56224
40962
47511
43269
60167
46592
60822
44939
61454
33792
36617
46100
61207
47490
61332
44938
61199
38912
53933
42114
61197
47876
61078
44940
61454
33792
36873
46100
61207
47746
61332
44938
61198
1794
60810
64914
49539
13187
47495
57871
45704
18049
48652
60572
46470
11137
46471
56591
45447
34048
31008
49666
43014
9990
46467
56850
45447
17665
48396
60316
46470
11137
46471
56591
45447
5378
6567
36483
13360
39169
11670
34821
20530
5376
29127
34693
17956
39040
11929
34821
20529
51712
28611
36228
17193
38656
12440
34821
20785
5248
29128
34693
17700
39040
11930
34820
20529
54786
39597
37376
41857
46080
45855
62985
38404
34432
4004
62603
41102
45312
45853
62471
38660
61696
42500
62084
42118
45568
45599
62472
38660
34304
4004
62603
41102
45312
45853
62471
38660
33794
12310
14600
14733
11137
14350
8847
14226
37376
15634
6931
14481
10753
14092
8846
13970
5632
14359
9994
14224
10881
14349
8591
13970
37376
15634
6931
14226
10497
14092
8846
13970
20994
48776
30852
42629
32772
43303
28930
35585
33152
4241
29184
38033
32900
43042
28674
35584
40960
6824
28037
37262
32773
42531
28674
35456
33024
4242
29184
38034
32900
43298
28674
35712
27650
37155
24459
33186
3585
31768
23568
30367
25600
29482
24724
30108
3841
31769
23311
30367
56320
26646
22669
30875
4225
31258
23568
30367
25472
29482
24724
30108
3840
31769
23311
30367
33026
58386
43526
51461
16769
45715
40323
51972
38144
63242
40710
49425
16129
45202
40068
51716
4352
44940
37633
47875
15872
45206
40069
51971
38144
63241
40710
49425
16129
45202
40324
51716
37122
61362
46467
55337
53120
55702
44417
49201
65281
51652
46605
51500
51715
54164
43392
48944
61440
33470
39819
49435
51332
54168
43906
49199
65408
51653
46861
51500
51715
54421
43649
48943
30978
22923
27649
25367
25088
24716
28676
25871
31232
35495
29062
26374
24961
23951
28419
25358
20224
15892
29570
23317
24833
24459
28675
25615
30976
35495
29063
26118
24961
23952
28418
25358
33282
7967
52741
35237
28418
1542
44175
41889
8832
54339
45067
38034
27524
520
43406
41888
0
47383
38421
38805
27141
263
43660
41888
8704
54339
45067
38034
27524
264
43406
41888
2
7685
7
19479
39040
22683
2432
17671
38400
19074
3202
19979
38657
22685
2433
17415
40192
9998
3331
19220
38784
22682
2689
17415
38656
19074
3202
19722
38657
22685
2433
17415
43266
9750
55304
15253
33795
14870
41741
17564
63488
18732
41357
16280
33024
15637
41226
17564
1024
23832
33938
18334
130
15635
41224
17565
63488
18731
41357
16280
33280
15381
41482
17564
25858
6679
12681
5007
33280
6666
7683
3726
28672
1548
8068
5260
33664
6410
7427
3726
15616
1043
4480
4491
33537
6410
7428
3726
28672
1291
7812
5260
33664
6410
7427
3726
52738
53517
4743
56217
46208
58911
37003
54167
45568
50962
38932
55962
46465
58911
36745
54167
56832
52760
38402
56730
46852
58911
37257
54167
45568
50962
39188
55962
46465
58911
36745
54167
30978
20370
33025
15129
38402
12193
33797
12307
36992
16528
1425
12308
36741
11424
34564
12051
6144
4996
40201
10269
36104
11421
34311
12051
36864
16528
1425
12052
36741
11424
34564
12051
10242
15518
40202
11017
900
8580
38534
11792
35328
11154
38405
9741
516
9091
38279
11792
3072
16030
36615
11017
643
8579
38279
11792
35328
11154
38405
9997
516
9091
38279
11792
4866
37888
38274
33410
4096
272
37632
898
6912
4235
38660
1162
3201
13
37376
642
13056
35841
36740
131
3074
271
37632
642
6656
4234
38404
1163
3201
13
37376
642
56066
11917
47372
10881
1796
8460
45704
12545
34304
18060
44291
11142
2945
8459
45705
12288
58624
9347
48913
10496
3073
8460
45703
12545
34304
18060
44291
11142
2945
8459
45705
12288
770
5146
16262
2460
55173
2838
15367
664
64512
37153
15240
916
56578
3095
15367
663
52736
1802
13955
2969
56961
2581
15111
664
64512
37153
15240
916
56578
3095
15367
663
33026
62337
1794
56358
61184
50100
142
54810
44800
64157
37157
51756
60932
49843
653
54553
36864
35098
12436
49680
59275
48827
145
54808
45184
64414
37157
52011
61188
50100
653
54808
55810
59581
64423
43295
49411
53380
38681
38188
33920
55781
42126
43288
49281
54660
38427
38699
34816
37777
36774
47392
48768
54147
38938
38444
33792
55781
42126
43288
49537
54660
38427
38699
27394
28547
30214
27278
16644
21296
37655
29074
59008
53156
42670
27311
15748
20010
36883
28050
32768
2880
34307
20872
15875
20532
37397
28561
58880
53156
42671
27311
15492
19754
36883
28050
49922
51595
36744
51974
62856
53512
43393
49680
41600
56229
45323
51213
65029
53260
43264
49422
32768
9626
39823
47758
65157
52741
43649
49677
41728
56230
45579
51213
65029
53260
43264
49422
1282
52651
56717
51990
49538
53515
60937
47653
5888
46543
61577
49428
50944
53515
61194
47652
13824
193
62858
48395
51072
53000
61194
47652
5632
46544
61833
49428
50944
53515
61194
47652
40706
5788
38452
14630
42626
12178
3486
14884
47488
19611
7946
12315
42242
13459
3234
14628
8704
26332
34366
18967
42113
12949
3743
14882
47360
19611
7946
12058
42242
13460
3234
14627
39682
35344
48530
39576
62602
37125
46865
40334
45056
52758
47763
39808
63240
36106
46609
39822
34048
37396
48260
38035
63878
36869
46866
40334
44800
52757
47763
39552
63240
36106
46609
39822
39170
60812
10650
45341
55045
43783
14112
36120
40960
1983
11150
37900
56704
42499
14881
36118
29952
18835
25283
34048
57216
41857
14621
36117
40960
1984
10894
38156
56704
42499
14881
36374
1538
580
27649
33724
55682
4635
15000
41669
60544
49255
15384
36277
56576
3354
13973
41668
54528
62298
4892
39849
57089
3101
13971
41667
60416
49255
15384
36277
56576
3354
13973
41668
9474
58012
62343
53392
50821
61078
43667
61574
47360
43836
46104
63761
53889
61069
44176
61316
34560
49055
47893
60040
54533
62355
44431
61829
47360
43836
46104
64017
53889
61069
44176
61316
46082
57089
43022
60033
33541
58500
3588
59282
62976
1064
5254
59023
768
57990
4097
58770
36864
49449
8192
57220
1922
58499
4352
59026
62976
1320
5255
58767
896
57991
4096
58770
57346
45970
46466
37007
40074
34054
46850
34185
8832
28695
44290
32899
38149
34826
47107
34185
17408
35204
49543
34957
37249
33799
46850
33929
8448
28695
44546
32899
38149
34826
47106
34185
32258
26561
30862
22312
47371
17545
27149
27692
36864
41663
30613
24342
46728
16782
26381
27435
19712
27089
17793
22570
46086
17545
26895
27692
36864
41663
30613
24342
46728
16782
26381
27435
43778
45605
54151
38286
33670
36366
60288
39323
53248
33551
61185
37787
35074
36362
60416
39579
48128
48458
60291
38801
36097
36365
60416
39579
53504
33550
61185
37788
35074
36618
60416
39835
31234
655
35235
48647
49409
52875
42010
48405
39424
46512
42648
49680
50819
53897
42524
48404
54784
53636
44449
54039
50948
53894
42524
48662
39680
46512
42648
49680
51075
53897
42523
48404
59906
38689
61210
44295
42625
34562
49293
39304
63745
46343
48396
36737
40966
65410
48784
39050
47104
56094
45588
65426
40072
64904
48784
39051
64128
46598
48396
36737
40966
65410
48784
39050
39682
40870
5658
44564
15360
49287
10637
43288
34816
37020
12802
45581
14977
49544
10639
43288
37120
46259
6691
47128
14339
49540
10893
43288
34816
37020
12802
45581
14977
49544
10639
43288
58626
55106
26130
52150
53890
43787
20387
58042
33792
45939
17201
53405
53506
43536
20641
57529
50688
54316
21781
51120
53889
44043
20130
58042
33792
45939
17201
53405
53506
43536
20641
57529
64258
29330
35238
14989
6278
9743
25107
15617
15232
11396
20866
12546
4100
9747
25366
15617
48128
31899
31149
14736
4228
9486
24851
15361
14848
11396
20866
12545
4100
9747
25365
15617
52482
38205
64519
36011
43016
34843
53779
38326
58880
34897
48549
37040
42374
35865
54543
38581
60928
51002
58627
38817
42505
35614
53777
38581
58880
34897
48550
37040
42374
35865
54543
38581
10754
54174
60930
62851
37250
65285
61056
61705
9472
64906
59526
63752
37377
64776
61313
61449
54784
55965
33039
62081
37889
65030
60928
61704
9472
64906
59526
63752
37377
64520
61313
61449
34050
7189
43011
2702
48768
266
50068
1679
62721
5383
53792
911
48386
11
49554
1423
34560
37919
46601
138
48004
32780
50067
1422
62848
5383
53792
911
48386
11
49554
1423
44546
12554
23947
7569
8836
5908
18179
6027
39808
8833
18052
6290
7168
5396
17924
6027
15360
34314
14720
3721
6403
5400
17925
6026
39680
8577
18052
6290
7168
5140
17924
6027
3074
33038
28548
25746
33924
25220
25092
20370
46848
11553
25477
21636
34819
25088
24836
20370
7424
20766
23941
21648
35202
24449
24837
20113
46848
11553
25477
21636
35075
25088
24836
20370
9218
13193
6921
30996
1289
30495
21272
38668
26880
56504
25768
36751
3203
30485
20755
38155
44032
41612
23176
36866
4481
31512
21524
38667
26624
56505
25768
36752
3203
30229
20755
38154
10754
34951
35336
786
19328
1175
36488
34570
11776
34181
36102
33548
18560
919
36744
34826
5888
41600
37644
34322
18178
917
36487
34826
11776
34181
36102
33548
18560
919
36744
34826
42242
60321
65282
45886
45697
40368
34961
41282
6657
47069
39462
40000
44804
39343
33679
41024
29184
6599
60552
38192
44421
39092
34450
41280
6784
47069
39462
39999
44804
39599
33935
41280
15618
40863
37889
36896
13313
37779
36097
33052
14336
2726
35969
34584
13056
37524
36097
33051
12800
5783
35456
34070
13440
37269
36097
33051
14080
2983
35970
34584
13184
37525
36096
33307
6146
52490
40196
44811
11527
43776
47382
43018
17664
39318
52906
42755
12420
43906
46354
43018
37888
43410
42240
43018
12803
43648
47125
42762
17664
39319
52906
42754
12420
43906
46354
43017
14594
33413
44683
35717
1154
37649
43533
0
14592
1930
44682
34693
770
37136
43277
0
21248
8330
40082
33162
897
37390
43276
128
14592
1931
44683
34949
513
37392
43276
128
36354
48262
52870
46344
40962
45188
54658
44301
10752
47503
57101
44301
39937
44931
54145
44045
28416
36255
51082
43525
39554
44934
54658
44045
10752
47503
57101
44300
40192
45188
54401
44045
47874
47748
48897
46592
45184
46210
48259
47104
37376
50696
49161
46851
44802
45953
48003
46848
44544
41609
45443
45443
44674
46211
48004
46976
37376
50696
49160
47107
44802
46209
48003
46976
38914
772
4
33419
41728
34059
1410
33673
37120
34829
1538
34185
41472
34059
1410
33673
4096
640
2049
33930
41472
34059
1666
33673
37120
34829
1538
34185
41728
34059
1410
33673
13826
6403
16641
5256
34304
3086
16898
6278
11264
10880
17797
5004
34432
3341
16641
6278
11264
774
15618
4229
34561
3087
16642
6278
11264
10880
17541
5004
34432
3341
16641
6278
43778
46467
43009
46603
42242
46475
39686
46342
3072
42380
39305
45829
42369
46989
39429
46342
52736
54025
39043
47887
42241
46730
39429
46343
3072
42380
39305
45829
42369
46989
39685
46342
6914
61824
1033
33031
52483
38919
3841
62469
29696
44709
7306
65418
52613
39939
3328
62981
45312
43540
33801
37392
53256
39691
3842
62470
29952
44453
7306
65418
52613
39939
3328
62981
41218
32414
64400
20812
64904
3749
62471
31340
27392
37266
34567
18522
1292
7067
60680
31852
37376
54447
63115
23107
1676
4769
61448
31339
27392
37266
34567
18522
1292
7067
60680
31852
55298
40271
45965
50311
32782
59294
14659
44937
47618
35492
20428
51348
63619
59546
14651
44938
2816
8794
29640
47509
60041
59033
15928
44939
47745
35748
20429
51604
63619
59546
14651
45194
46338
32775
3214
40067
6668
40341
33296
42121
17408
43805
918
41219
6796
41364
33809
42121
10496
55084
39556
43783
6669
41363
33810
42120
17408
43805
662
41219
6796
41364
33809
42121
61186
33883
34305
28573
33796
33280
27276
22195
48768
25413
28931
27303
33924
30854
26252
21682
33280
7015
20512
25234
33287
31875
26250
21938
48640
25157
28931
27303
33924
30598
26252
21683
56834
19099
37278
39591
50830
45840
46853
46478
45056
65329
53012
48512
53257
45596
46089
46221
21248
2734
39596
45728
54150
46614
46853
46733
45056
65329
53012
48512
53513
45596
46089
46221
61186
22533
44696
22145
11652
20368
47383
23431
49921
21542
48020
21509
13320
20878
47384
23686
43264
24065
49053
21764
13704
20110
47384
23430
50048
21542
48020
21509
13320
20878
47384
23686
61442
51123
44069
58500
36741
61982
44467
55562
37888
54681
43566
58244
37637
61728
44467
55561
40192
49333
52302
56456
36999
61726
44721
55561
38144
54681
43566
58500
37637
61728
44467
55561
6658
16909
50069
17557
36738
21772
55833
13207
1281
6179
47873
16017
35846
22028
57369
12951
55808
8472
12991
18836
34698
21513
56595
12952
1408
5923
47873
15761
35846
22027
57369
12952
10754
10579
40138
22936
35074
29966
32812
30106
46593
13864
23297
30854
64777
31503
34353
30875
256
8211
48365
37298
61844
32258
33066
30621
46720
13863
23296
30854
64776
31503
34097
30876
36098
50091
51997
55836
46090
58249
47244
52507
59904
37023
37784
53767
45193
59792
48528
52762
38144
34223
62277
58152
44809
58759
47499
52507
60160
37023
37784
53767
45193
59792
48528
52762
46850
38175
39985
51874
50696
42011
60322
51621
62977
60228
57902
48286
44038
40218
61862
51109
38144
38166
4644
47001
42379
41242
61352
51109
62720
60227
57902
48286
44037
40218
61606
51109
59394
48443
39363
44008
38662
40332
33586
52945
26112
49708
24714
48862
36356
40845
34613
53203
9728
26937
57078
51329
33934
41860
33837
52948
26112
49707
24715
48863
36612
40589
34612
53203
61186
54664
61060
56112
45327
33961
54796
54100
62209
52923
48549
60743
40838
34728
55561
54102
59648
51912
38180
60236
39941
35494
55055
54102
62336
52922
48549
60743
40838
34728
55561
54102
43266
5143
17575
15874
55053
17665
19742
21504
20224
20364
14466
20740
50688
18688
21024
21888
14592
34330
33224
21898
48520
19075
20251
21633
20096
20620
14466
20484
50816
18688
20768
21633
54018
44185
56074
33830
43539
33027
49669
60196
26113
41429
46735
60935
41610
33670
49922
60706
17408
37520
48389
62754
39169
65409
49667
60195
26240
41429
46736
60935
41866
33670
50178
60706
57858
22565
25885
42637
21523
46623
44808
44454
1665
57375
51356
46768
24460
46103
44547
43943
58880
27210
42768
43925
24842
47134
45317
44454
1281
57375
51356
46768
24460
46102
44291
43943
54018
40068
4243
26779
58511
19749
34573
28804
10496
17800
35208
24452
63751
20012
35086
29060
59648
2468
34200
28331
64644
20002
35085
28549
10368
17800
35209
24196
63751
20011
35086
29060
48130
60579
55108
52788
59264
52135
41381
53032
49152
38320
36620
51994
61830
53164
41386
53543
44032
45997
45394
55101
62988
52899
40870
53032
49408
38320
36875
51994
62086
53164
41386
53543
6914
45659
17669
11174
50304
22795
14231
10428
34305
36685
3647
16544
50948
24077
15763
10686
56576
12679
33696
16824
51588
24582
14746
10430
34560
36684
3647
16289
50947
24076
15763
10686
1026
16794
29126
283
64658
35499
4646
32807
56448
50841
33937
34617
59149
35492
4140
295
20224
46285
10961
4362
60049
35248
3625
32805
55936
51097
34193
34873
58892
35492
4140
294
23042
39074
46748
51975
43920
56455
56839
52750
33152
52355
56454
54538
46599
57222
57609
53006
10496
51375
32900
55311
48512
57220
57610
53006
33024
52355
56454
54794
46599
57222
57609
53006
25090
44944
55570
46596
53894
45317
48130
48390
62080
41626
43674
46983
54785
45569
48769
48901
49664
37389
56100
49423
56326
45831
48130
48390
61952
41626
43674
46983
54785
45569
48769
48645
42498
4392
40962
2230
36227
2607
41606
3245
38400
38454
43535
2469
34567
3379
41093
3757
61440
14114
36998
4280
34184
2862
41351
3246
38400
38454
43791
2469
34567
3123
41093
3501
40706
58135
42520
49664
36354
47745
39056
49547
14592
42508
35074
48525
36738
47750
39569
49803
54784
64801
46889
49927
36868
47745
39055
49290
14592
42508
35074
48269
36738
47750
39569
49803
2306
20537
30347
64474
12928
60975
19076
51931
40576
45952
18182
53962
11393
59701
18306
51417
53760
26484
15876
51137
11010
58680
18050
51416
40449
45697
18182
53962
11393
59701
18306
51417
41474
15376
9364
10414
49796
6452
13081
13733
57600
10030
12949
10404
49668
6966
13336
13989
41984
30985
15517
12725
50050
6962
13335
13734
57600
10029
12949
10149
49668
6966
13336
13733
23554
13263
53889
1845
48642
41629
47891
2859
16000
27077
44452
34582
49025
42403
48400
1835
5888
49297
51972
37433
48897
42649
47890
2348
15872
27077
44452
34582
49282
42403
48400
1835
41986
34842
37780
36523
53508
39745
35097
2464
55808
3349
37007
33705
52480
39744
34584
2720
43776
26240
6060
695
51588
38972
34838
2721
55808
3349
37263
33961
52736
39744
34840
2720
62210
39053
37768
16192
8586
22449
55963
20007
51584
29375
55836
22304
5636
22457
56471
19749
6912
7959
37670
20279
4993
22964
56724
20006
51457
29375
55836
22304
5380
22457
56471
19493
55042
21538
41752
47365
30467
55684
57729
48266
12800
43033
58114
50818
33544
56967
58245
48267
27648
54034
258
55436
35983
56972
58502
48268
12800
43033
57858
50819
33543
56968
58245
48268
23298
38560
33412
49034
43658
53261
516
49410
51456
51846
34306
51712
43785
52753
1028
49410
35584
45464
5260
50313
44167
53263
770
49410
51584
52102
34306
51712
43785
52754
771
49410
55554
4110
33423
7309
40706
5405
270
12944
36864
18305
138
10645
38912
5914
526
12945
37376
23329
2194
10904
38912
6169
269
12945
36864
18305
32906
10646
38912
5657
270
12945
55810
3606
128
1187
50946
33838
3335
2971
5632
5380
4493
1442
49664
33583
3333
2971
55808
2596
1542
1187
49408
33838
3591
2971
5632
5380
4493
1442
49792
33583
3333
2971
44546
40846
44162
43781
49409
44428
45441
45062
56576
51722
46599
45582
48642
44169
45440
45062
15104
1179
41864
42369
48004
44430
45442
45317
56960
51977
46855
45838
48641
44170
45441
45062
52738
53121
62728
50433
38406
51726
58368
47364
45568
42382
55432
49029
36738
51723
58753
47620
38144
45465
64013
49153
36868
51469
58113
47364
45568
42126
55432
49030
36738
51723
58753
47620
14082
45830
8846
41489
4100
37783
7689
38675
29697
47494
6530
38172
6404
37016
7690
38163
4096
11173
10899
35339
8331
37021
7432
38418
29696
47494
6274
38172
6404
37272
7434
38163
41474
58113
4106
57602
2306
53138
2953
60931
55040
37906
3335
58381
2178
52881
2698
60675
13056
60304
2571
56070
2050
53395
2697
60931
55040
37906
3079
58637
1922
52881
2698
60931
2306
22976
47246
50571
49923
34352
40459
41525
21504
56028
34057
52775
49666
34621
40716
40756
11520
16328
59320
43688
52108
33832
40199
41521
21376
56285
33801
52775
49410
34620
40716
40756
56066
64806
34445
39961
61063
63151
35841
39300
46592
35866
39439
34311
60420
62133
35075
39301
57856
35394
32918
39458
62211
62123
35585
39043
46336
35866
39439
34311
60164
62133
35075
39301
18690
60079
1542
41892
14599
34860
5257
37776
10240
32799
4625
35223
14724
34354
5512
38031
47872
40899
6272
36507
15361
33585
5513
37775
10112
32800
4625
34967
14724
34354
5513
37775
39938
37967
21277
3739
45701
10627
21659
33450
37376
36663
21018
4250
46341
10629
21404
33706
39424
51566
21792
1427
45697
10626
21403
33449
37120
36663
21274
4250
46341
10629
21660
33706
6146
50437
33187
58385
40322
61069
46853
60942
7552
63388
51466
62219
42624
61071
46857
61197
33280
57347
47513
59667
42368
61324
47368
61197
7424
63388
51466
62219
42880
61071
46857
61197
35330
46750
55300
37376
44039
30745
54531
36619
33152
45468
48029
33928
44167
29461
55809
36107
46336
39343
37926
33537
44040
29720
55046
36363
33280
45467
48029
33929
44167
29461
55809
36107
37378
62211
14906
52804
33285
41713
21419
57646
44288
39809
22819
50765
34178
41713
21421
57646
54528
53910
26166
49217
131
41204
21678
57645
44288
39809
22563
51021
34179
41969
21421
57645
5890
33723
11148
5156
47620
2583
15385
10543
63616
24824
15256
8714
47491
2067
15639
10285
2816
13504
20383
7191
47621
2837
15894
10542
63232
24824
15256
8714
47491
1811
15639
10285
38914
34573
1536
143
45320
33826
8460
5524
47360
11282
8327
3739
45443
34334
8715
5525
59904
21504
16537
4766
43651
33308
8712
5525
47488
11025
8328
3483
45443
34590
8458
5525
33538
51214
62997
33065
33027
55992
36252
37644
60801
62123
63749
62221
34955
57020
37276
38155
38400
57971
57675
39739
37141
56752
37014
37646
60929
62123
63750
62221
34955
57020
37276
38155
35330
47507
64777
59789
32897
64018
64914
58250
63488
56851
63503
60813
33409
64018
65169
58250
47360
48776
38430
60049
34567
63762
65168
58507
63232
57107
63503
61069
33409
64274
65169
58507
36098
47211
48514
41687
56065
37701
53523
45026
63105
49247
53653
41431
57733
37958
53265
45283
35840
52649
59796
44505
58632
37703
53520
45282
63233
49247
53653
41687
57989
37958
53265
45027
55042
39732
25995
35264
43397
1842
24834
36797
41728
47947
21517
34993
43013
2869
25348
36285
50176
37186
29590
33726
43395
2098
25090
36541
41728
47947
21516
34737
43013
2869
25347
36285
60930
11919
45584
39835
42497
49452
39045
37765
42880
34439
37249
43409
42624
49967
38791
37765
59648
10923
40467
40604
42368
49964
38789
37766
42752
34696
37249
43409
42880
49967
38791
37765
7426
6937
13716
45236
64902
47386
33160
52139
38784
57925
34830
51106
33539
48925
33669
52137
52224
61215
38408
52896
33921
49183
34181
52137
38656
57926
34830
51106
33539
48925
33669
52137
51202
3364
7429
9093
17412
15515
4745
4752
33536
39217
5384
8708
18050
15512
4488
4752
50688
34337
269
8449
18178
15257
4487
4752
33536
39217
5384
8708
17794
15512
4488
4752
13058
32403
650
24470
59781
16170
5139
23705
41345
40578
7326
20906
60418
15399
5138
22937
59136
575
1026
16016
61186
15151
5140
23191
41473
40577
7326
20906
60418
15399
5138
22937
13570
14346
10897
13715
14337
11544
12307
14995
32256
16397
10123
13460
14592
11801
12563
14995
30208
15385
17822
13974
14977
11544
12562
14995
32256
16397
10123
13460
14592
11801
12563
14995
40194
26528
39056
31252
63873
28801
43526
34580
52864
34197
46856
32017
63492
29314
43272
34579
34048
61614
37275
36996
62855
29831
43525
34578
52992
34198
46856
31760
63748
29314
43271
34579
2562
47749
50688
42760
12544
40330
54155
42112
61440
45326
56085
41478
12289
39819
54154
42112
28672
36101
49283
39554
12930
39566
54412
42369
61440
45326
56084
41478
12288
39820
54154
42369
24322
7088
898
17732
36871
21932
3337
21577
47232
24547
8091
22843
35716
21680
2311
21832
14080
24805
39442
22594
35589
22191
2826
21832
47360
24547
8090
22842
35716
21680
2311
21575
63746
39306
53379
32774
65281
64526
44557
59917
21249
58018
46216
61444
63746
63245
43788
59660
1792
50073
38291
58755
63363
63497
43786
59659
21376
58019
46216
61700
63746
63244
43787
59659
40194
40461
7567
37639
45319
35715
2822
37392
3072
38573
33286
35850
44931
36226
3336
37135
21248
41606
7577
38413
44034
35969
2822
37136
2816
38573
33286
35594
44932
36226
3335
37135
44290
44563
44934
43923
50826
35220
52895
47240
44289
42299
59711
43284
50186
33675
51867
46216
48640
34718
48128
39821
50568
34708
52894
46984
44416
42298
59711
43284
50186
33675
51867
46216
47618
42757
50570
36993
39808
36754
45571
33793
45696
27141
45185
34827
39040
36750
45316
33793
46336
31498
43655
33541
38657
36494
45317
33794
45568
27142
44929
34827
39040
36750
45316
33793
51202
64853
56448
43751
34561
43069
53508
49386
59905
62395
50062
48593
33281
43327
54274
49128
41216
46661
59403
46042
33153
43837
53764
49384
59648
62396
50062
48593
33280
43327
54274
49128
9986
32907
4367
34572
22528
34203
7560
38662
35328
41990
7687
37391
22401
34201
7561
38918
7936
47112
7691
37904
22017
34712
7817
38919
35328
41990
7687
37391
22145
34201
7561
38918
39426
45856
52879
37288
53123
32797
54791
34985
48641
40501
58374
33447
51718
32284
54280
34728
45568
25905
47772
32926
51335
31774
54534
34728
48512
40501
58630
33447
51974
32028
54280
34728
39426
16530
5774
5248
898
1027
778
5125
16896
8328
1936
3072
33152
515
10
4870
17664
4243
36992
2565
33282
261
268
4870
16896
8328
1936
3072
33152
515
10
4870
46850
3
899
2694
52995
3337
2308
4488
41472
3853
2691
4231
51968
3592
2308
4488
18432
7682
2436
4746
51585
3847
2564
4488
41472
3853
2691
4231
52096
3592
2308
4488
11010
39319
39937
43015
40322
45313
39937
43273
34816
40849
39556
44035
41600
45568
40193
43528
46080
44939
41731
44806
41986
45569
40194
43529
34816
40849
39557
44291
41600
45568
40193
43528
13314
17421
22659
19851
11520
20492
22017
19342
19712
18446
21505
19853
11521
20492
22274
19342
11520
19727
22918
20110
11905
20492
22017
19342
19712
18447
21504
19854
11520
20492
22017
19343
6402
33024
21651
43924
15104
46867
19217
44427
40960
45324
17802
45708
14592
47380
18962
44427
18176
40837
24992
45456
15233
47379
18960
44427
41344
45324
17803
45964
14592
47380
18962
44427
43010
38170
62883
36318
39692
50792
33051
63934
3584
54534
33946
38347
37257
52080
32796
63933
16896
38239
38803
45003
37387
52337
33054
63932
3584
54535
33946
38347
37257
52080
32796
63933
62978
4557
44432
3392
18457
39176
60211
23123
35840
53679
52425
14115
22421
39425
60718
23121
19200
28648
35737
7996
20763
38153
59697
23378
35840
53680
52681
14115
22421
39425
60718
23121
44546
51349
48403
1830
58906
6944
5397
14112
45057
39895
12712
14477
56464
5646
4880
13853
19456
5559
4352
11294
54024
7960
5905
14622
44928
39896
12712
14477
56464
5646
4879
13597
36354
43925
32931
60486
62976
53959
62753
57913
39168
54221
64919
54841
61953
53708
61985
57912
41984
40076
58538
57419
62336
53704
62239
57657
39168
54221
65176
54841
61953
53708
62240
57912
57602
45856
43397
52884
40454
51971
46724
55194
64512
58424
46860
54161
41608
52994
46723
55193
51712
52750
46723
53391
41480
52482
46724
55194
64512
58680
46860
54161
41864
52994
46723
55194
28418
52550
19111
28622
51202
19504
20029
21447
25088
27509
22475
18883
51200
17456
19259
21188
22528
4379
20402
18090
50563
16437
19771
21444
25088
27254
22476
18627
51456
17456
19002
21188
27394
60290
4771
35081
52621
56242
61603
37169
53760
51607
34874
65108
55048
54946
61849
35377
18944
58878
40983
58378
55940
55734
63128
36400
53504
51864
34874
65107
55048
54946
61849
35377
50178
23780
34563
38723
35857
27158
44318
53806
23040
33528
43677
45445
137
27399
42778
52780
33024
41356
35744
41256
1030
28947
42776
53548
23040
33528
43678
45445
137
27399
43033
52780
21506
31156
11918
7087
43917
20260
64899
49588
56193
40287
896
38113
40966
18996
63617
48816
38656
49560
55307
35467
39552
17451
63488
49585
56321
40287
896
38113
40966
18996
63617
48816
39426
51193
40206
47527
35972
39049
46020
36252
60929
37311
56181
35479
34053
36490
43709
35737
59904
53134
40214
34184
35072
35725
45250
35992
60800
37312
56181
35479
34053
36491
43709
35993
20994
20357
12032
6116
62469
841
27181
59641
7553
15998
36049
62206
62085
62785
25895
58359
48128
1477
20098
53435
61957
62547
27179
59124
7168
15743
36049
62206
62085
62785
25895
58359
61698
38100
35843
37185
55436
33456
55479
33109
55041
48631
62037
65363
57096
64938
54704
65364
63488
37614
55577
62512
57479
64947
55731
33107
54912
48632
62037
32851
57352
64938
54704
65363
50178
36888
46863
39091
50186
27229
11829
42954
10880
11578
20178
37096
50568
26193
11820
41674
12032
21092
16539
33465
50695
26974
13102
42441
10496
11835
20178
37096
50312
26193
11564
41674
34818
38224
40320
33178
55040
52129
16050
39315
35840
38471
12865
64274
55425
51610
15276
38291
38656
64005
4651
63115
55812
52128
14763
38803
35840
38726
12866
64018
55425
51610
15276
38291
45058
54775
60816
50744
51716
30522
43820
4418
769
52148
44967
55682
50177
30765
42791
3392
64768
20181
62394
55579
49029
32051
42532
4160
896
52148
44968
55683
50177
30509
42791
3392
22530
10560
18049
40365
21126
3261
65172
58792
36737
36499
1544
49171
18432
2479
63377
58021
52224
34072
49704
50056
16646
948
63629
58533
36865
36499
1545
49171
18432
2479
63377
58021
38914
54518
40581
58732
36357
63629
59908
36722
49410
47033
34334
45895
64264
60822
57347
36719
19200
33193
41903
40510
61586
59802
58242
36461
49537
47035
34333
45895
64264
60822
57347
36718
15106
37455
37514
9406
44801
12169
29201
39867
45185
52853
36528
33441
41096
9348
26897
40120
36352
42303
13333
38026
40458
8192
27670
40119
45312
52854
36528
33441
40840
9348
26897
40120
41218
46576
35612
56977
10503
57823
60061
46716
26625
7099
64051
48741
12930
57318
58525
47225
37632
40909
50177
50545
13058
55780
59040
46969
26752
7100
64051
48741
12930
57575
58525
47481
28418
8319
62465
53498
46728
58652
63494
34437
65153
9725
4510
41685
44034
56865
61957
34433
48128
8064
49438
40912
42755
55588
62473
34177
65025
9469
4510
41685
44034
56865
61957
34433
55042
46530
57091
47466
34946
41678
60065
37979
64514
33772
35145
38229
33797
39634
58013
37721
53504
61399
52617
35666
33669
39124
59297
37720
64640
33517
35145
38228
33797
39635
58013
37721
54530
42076
25108
22719
40206
22790
33562
4302
65409
4230
46798
10174
39054
18693
30996
3275
21248
25695
15908
5010
39181
18448
32795
3785
65024
3975
46798
10174
38799
18693
30996
3275
41474
56991
41742
60242
63621
51152
46767
56378
43521
56004
54611
52800
60936
49619
44971
56376
33280
60420
39178
53313
61572
49363
45999
56120
43264
56005
54611
52800
60936
49620
44971
56376
21250
49463
64897
18915
385
9279
2073
6623
41345
9866
8629
5079
63618
7488
789
6108
33024
48738
60168
4548
62980
6213
1561
6108
41216
9867
8629
4823
63618
7488
533
6108
59650
52617
33560
39218
6279
62395
16330
37688
49665
50876
10086
33858
6665
61369
16835
37175
40192
61377
13106
64303
7049
61375
15813
37430
49408
50877
10086
33857
6665
61369
16835
37174
24834
55494
38292
34194
53510
7786
53569
43659
60288
29403
50900
30154
53892
6240
53563
42380
26880
26156
47026
23959
53250
6765
52796
43146
59904
29402
50900
30154
53892
6240
53563
42380
28418
52501
21638
32917
10632
56242
64162
44177
36480
46429
63780
36890
7936
56743
62877
43663
54016
43137
49451
36993
6150
57260
62618
44175
36353
46429
63780
36890
7680
56743
62877
43663
38914
48866
61069
14929
45059
6159
42782
35143
23041
3982
47240
25368
41734
8451
40732
34884
38400
57554
57791
28195
39819
9476
40983
35395
23168
3983
47241
25112
41733
8195
40731
34884
27138
44887
30730
27327
30340
29450
25861
13762
36480
6755
34217
19120
26244
27149
23556
13248
3328
53347
7464
15001
24841
26386
24330
13503
36608
6755
34217
18864
26244
27149
23556
13248
40450
50866
65414
2188
45062
41359
62088
25754
38401
56998
36394
14940
42752
39319
60294
25493
3840
63399
48803
16471
41604
37786
61067
25749
38528
57000
36650
14684
42752
39320
60295
25493
52482
48222
10758
34007
21509
38177
22565
19937
45185
14236
33490
26061
21381
35871
20766
19422
49408
54391
10260
21679
20489
35366
22052
19421
45057
14237
33490
26061
21381
35871
20510
19422
51714
39603
64642
42833
37765
62150
47803
33362
38145
57064
59247
62817
36360
58817
46003
64847
40448
56777
38403
57384
36232
58320
47545
32845
38016
57066
59247
62816
36616
58817
46003
65102
30210
8200
6
7828
6410
62522
23600
12701
12928
41238
30923
6329
8067
61231
23080
11933
26624
6660
26004
6295
9858
62007
24362
12445
12544
41238
30924
6329
8067
61231
23080
11933
54018
36206
46621
37564
14475
52395
29374
54727
43008
63408
26693
42377
11012
52385
29113
53957
37376
32842
22078
39328
9984
53671
28344
54470
43136
63408
26693
42377
11012
52385
29113
53957
50178
33788
49814
24716
15370
19874
43292
46491
55042
7573
47493
38501
19458
21675
42013
46487
6912
15794
62149
41055
21898
23214
42264
46742
55424
7574
47493
38501
19458
21675
42012
46486
54274
19246
7565
56551
9866
45386
14376
47087
50561
55961
21195
44520
7172
43593
12835
46316
41216
15498
3845
40395
5634
42578
13864
46571
50689
55962
21195
44520
7172
43593
12835
46316
58626
63012
56101
35590
55949
51700
47588
53504
37889
65384
51312
42306
57354
50919
47836
52738
34560
42256
33909
38953
57991
53230
48857
53250
38017
65384
51313
42050
57354
50919
47836
52738
37634
46471
34721
3457
46877
62554
45634
20621
2048
53188
40881
13497
43404
62540
46398
19856
59648
44317
9714
14508
38790
64333
46391
20369
1920
53189
40882
13498
43660
62284
46398
19856
6146
49482
60085
9973
28802
63827
48683
5593
14721
56470
50866
457
26754
62044
47405
5847
11264
33282
38822
2788
25605
61782
47663
5335
14337
56214
50866
457
26754
62044
47405
5847
42498
37303
42063
41854
32768
58782
41946
46184
44032
57559
40271
37245
1795
57759
41946
45927
54784
36027
52863
39044
1921
58013
42198
45928
44160
57559
40271
37245
2051
57759
41946
45927
46850
42383
8111
42652
53508
22898
37736
57251
20737
35246
31181
44499
56329
23911
40289
56485
40192
64074
14758
45245
60311
24683
40023
56997
20609
35246
31183
44244
56073
23911
40289
56229
33282
44560
7863
39824
35975
35564
29322
59926
36737
51029
29449
53337
41345
37846
26752
58906
19200
40165
7948
51746
41987
39650
26370
59930
36609
51030
29449
53337
41601
37846
26752
58906
37122
56197
46667
49539
58638
51335
51370
60288
65025
51193
50217
33851
53634
50072
49584
60796
50944
60038
43575
33886
51843
48274
49585
60028
65152
51194
50216
33850
53634
50072
49584
60795
33794
18299
34440
1518
44416
2092
33057
51587
1921
44747
36530
56548
40327
46
31775
51072
512
21671
33432
53714
39179
65076
32288
51199
1793
44492
36274
56548
40327
46
31519
51072
1026
45241
58801
39466
60677
38286
35859
61507
40449
43484
41229
64575
58624
36489
35096
60480
65024
23548
61639
59660
57986
35733
35859
61247
40832
43741
41485
64575
58752
36489
35352
60736
40450
13976
57160
14862
12801
9984
36255
16512
57472
39684
57489
13969
13441
9864
37287
15744
39936
45834
55154
11548
12805
9474
35999
16384
57344
39684
57233
13969
13441
9864
37287
15744
46082
45115
15886
59912
12805
7618
17289
49304
40832
41799
15121
58885
13953
7362
17801
49048
42496
5224
23937
54556
14337
6844
17547
49302
40448
41800
15121
58885
13953
7362
17801
49048
16386
63135
39359
62750
37002
34069
51498
50483
41217
43653
56212
55065
37386
33554
51245
50224
7936
16047
45009
54536
37514
65292
51754
50480
41344
43909
56212
55065
37642
33809
51245
50224
34306
21469
61996
10802
45058
1698
54419
10287
58753
26795
44185
6175
47496
1189
55704
9776
37376
38081
43867
4409
48910
925
54671
10032
58881
26795
44185
6175
47496
1189
55704
9776
64258
63042
7458
37121
53255
52389
9891
42893
59137
61993
7215
33035
49923
52133
10146
42638
40192
53804
16917
32773
48264
52135
9893
42638
59264
61993
7215
32779
49922
52389
10146
42638
33026
32196
28586
29724
5003
22794
26147
37417
37888
40898
19850
31258
2567
24074
27173
37672
26624
3544
42961
35844
2437
24325
26655
37415
37632
40642
19594
31257
2567
24074
26916
37672
33282
39940
48129
36377
60175
35723
49667
34074
37888
6580
46479
33549
58762
36750
50690
34329
50944
40855
57870
37150
58120
35978
50181
34075
37888
6581
46479
33549
58762
36750
50690
34329
63746
57900
40961
52403
58252
45093
42892
53935
37376
34377
44821
51363
58889
44325
42379
53679
33280
51480
39942
47791
59780
44833
42892
53679
37376
34376
44821
51108
58889
44325
42635
53679
31746
3031
61954
39268
22275
38139
38037
44647
1792
54756
40994
42099
20613
38645
37779
44647
6912
47331
37638
43626
20230
38902
38292
44903
1792
54756
41250
42099
20613
38645
37779
44647
40194
54050
43526
49285
44301
45825
33802
49805
41216
41235
62870
47762
41349
46981
34055
50317
43008
37909
36360
50443
39937
46593
33544
49804
41216
41491
62871
47762
41605
46981
34055
50317
13826
39981
38542
46767
38796
39055
20893
55464
34304
55909
13115
50434
40968
38019
21399
54439
56320
43557
25221
46504
41861
39309
20379
55208
34304
55909
13115
50434
40968
38019
21399
54440
52994
33091
58375
11934
63241
14873
45844
13227
37377
15170
41888
13990
60546
14869
46097
13227
40192
14372
44939
15521
59520
15126
45329
13484
37248
14914
41888
13990
60546
14869
46096
13227
26626
55099
45971
37825
42881
36120
36871
43452
35456
58987
36485
41637
44931
36638
36617
43195
65024
41519
33928
41140
45574
37147
36361
43451
35584
58987
36485
41637
44931
36638
36617
43195
1026
11272
45717
4480
1670
4754
55040
3456
51712
37132
58124
3597
258
4751
54786
3712
36864
12813
56716
4482
33538
4754
55298
3456
51712
37387
58124
3597
258
4751
54786
3456
8962
15629
9728
36534
39297
38669
7560
43956
50304
54653
9472
43935
39424
39184
7047
43954
32768
49166
33817
42914
39938
40208
7301
44210
50176
54653
9472
43935
39168
39184
7048
43954
11266
20866
14984
16006
30340
14213
13568
13961
13824
10275
12043
13185
29954
14467
14081
13960
47872
17283
14221
14470
29185
14212
13824
13705
13952
10275
12043
13185
29954
14212
14081
13960
29186
65165
44291
56322
6275
54937
47240
50432
48512
50197
47625
51720
5377
53655
47240
50177
26112
30725
49160
47892
4611
53394
47495
50178
48384
50197
47626
51720
5377
53655
47240
50177
18946
51492
51722
41911
9217
38196
52103
39352
60928
45124
54401
38332
9216
37170
51592
38839
512
25400
47637
36779
9858
36918
51590
39094
60928
45124
54401
38332
9088
37170
51592
38839
33026
28430
56579
32649
37634
25383
52484
36249
57344
60800
51846
32429
37505
24863
52483
35481
64000
26932
51330
31122
37121
25381
52227
35993
57472
60544
51846
32429
37761
24607
52483
35481
57602
37395
47753
32137
31106
32914
45586
25493
49536
25129
48542
28554
28547
31633
44817
25237
10752
4416
41860
24323
27399
31629
45074
25236
49408
25129
48542
28554
28547
31633
44817
25237
8194
32160
12544
29199
1798
22288
12288
34836
33920
47293
13445
30721
1670
22030
12032
34579
39680
41099
7434
28933
1543
22544
12034
34835
33792
47293
13445
30721
1670
22030
12032
34579
2050
14866
11659
6307
62976
2087
13339
4513
32896
11799
15526
3752
64129
1062
12825
4256
59648
40236
13199
1179
64001
1321
13338
4512
33024
11799
15270
3752
64129
1062
12824
4256
40706
54165
54680
61184
42496
33816
58640
55567
35840
51124
60297
59393
43008
33561
58641
55310
23552
40604
58522
59270
42371
33559
58896
55310
35968
51380
60297
59648
43264
33817
58641
55566
21250
6315
54019
3357
45319
1932
51458
5919
25344
11173
50055
4373
46468
1680
51713
5663
46336
10165
52483
5145
46596
2191
51457
5919
25088
11174
50055
4373
46468
1680
51712
5662
40194
1329
11648
2991
55820
6680
12546
436
49408
41561
12673
2468
55430
6937
12289
692
47104
560
15749
3755
53888
6423
12288
693
49792
41817
12417
2724
55686
6681
12289
692
61954
9112
35345
14097
57857
6276
35476
17417
33024
26761
34322
11781
57730
8068
35733
17417
53248
27140
40476
14848
58374
7300
35475
17416
33024
26761
34066
11781
57730
8068
35733
17417
20994
47975
9735
10426
51594
25924
2953
6598
34432
65352
3845
14538
49933
26170
1928
6599
2560
65083
65033
17597
52118
26171
2183
6855
34304
65352
3845
14539
49677
26170
1928
6343
52738
53380
35600
37511
36865
37799
50090
46222
63104
53565
45849
43526
40078
39073
51111
46221
60928
36636
45913
46353
43549
39837
51103
46476
62721
53565
45594
43526
39822
39073
51111
46221
57858
37281
4247
20865
59922
8735
16693
25613
37632
34987
16816
19331
59273
7456
16946
25357
1536
50339
34766
19342
56193
8478
17197
25356
37504
34987
16561
19075
59274
7200
16689
25356
18178
28325
32007
26913
6020
21159
44558
29992
51201
29376
40578
25905
7174
23456
45835
30248
16128
42112
61861
27414
6787
22181
45575
29991
51328
29377
40323
25649
7174
23456
45835
30248
64258
32558
28160
27066
3469
28165
19616
16069
48513
7288
15405
19626
1544
27913
19868
16067
31232
49000
13341
16029
387
26125
19100
16066
48640
7289
15405
19626
1544
27913
19868
16067
62722
49053
46100
41108
59018
44870
38033
35986
39168
61828
36880
39849
59145
43076
37523
35986
49408
55963
40220
36266
60037
43332
37522
35988
39168
61828
36880
39849
59145
43331
37523
35987
37890
2217
3086
559
37632
61877
13184
302
20736
9655
12035
64557
37505
61363
14210
303
37888
48037
14720
59198
38405
61101
13953
305
20992
9654
12035
64557
37505
61363
14210
303
15618
49700
11654
13802
57096
65388
12823
9176
11136
29523
17580
5360
59018
61036
11797
8149
52992
35137
5635
60604
58890
61306
12312
8659
11009
29525
17580
5360
59274
61036
11797
8149
39682
45359
48513
31942
8195
30266
42375
27566
6784
19260
40972
27565
7554
28733
42117
27564
14592
30597
40707
27827
7681
28219
41861
27564
6657
19261
40972
27565
7299
28733
42117
27565
11522
53342
15
35494
51088
8848
40348
44479
53248
54653
41502
37281
51468
9874
40603
44223
40960
40817
43806
37781
53126
8845
40858
44222
53376
54909
41502
37025
51468
9874
40603
44223
44546
52358
44929
57109
52230
53277
36125
44038
33025
63134
33193
46735
50434
50961
36378
44035
39936
64654
64920
41606
48265
50193
35866
43778
33153
63135
33193
46991
50433
50961
36634
44291
52738
59840
38663
39487
42369
940
39312
34615
51456
41165
39440
56
41734
3500
39312
34356
55296
6556
39445
2854
40077
3250
39311
34612
51712
41166
39440
32823
41734
3244
39312
34356
42754
42490
55425
41594
57091
46327
49411
39789
34304
244
51719
42353
56320
45557
48642
39788
59904
37335
41103
40812
55682
45815
49024
39788
34432
244
51719
42609
56320
45557
48641
40044
41474
18201
62096
41918
40064
27683
55815
31421
10369
42289
54405
29628
37763
23593
55560
30396
63744
4486
54405
21412
36869
23600
55560
30393
9985
42290
54405
29628
37763
23593
55560
30396
15106
37428
36995
17340
58498
9006
35591
9403
48000
20044
34694
8640
57602
6189
35591
8632
6400
53811
39565
3748
57730
6454
35334
8887
47872
20045
34694
8640
57602
6189
35334
8632
3330
62837
34439
37855
62342
64311
23553
48864
43648
57210
23942
42707
64768
33590
22530
49374
36096
46203
18693
46270
33027
34108
22531
49117
43520
57210
23686
42707
64768
33590
22530
49374
56322
39198
42893
57493
64896
49965
46721
45699
64769
57353
47632
46473
62212
48681
46592
44932
13568
41684
46738
41890
62339
47907
46721
45190
64768
57352
47632
46473
62212
48681
46592
44932
62466
45511
47623
53844
63492
51339
41861
37461
37633
54442
40711
40240
61825
49557
41606
37457
49664
58056
42502
40505
61697
48275
41606
37201
37632
54443
40710
40240
61825
49557
41862
37457
41218
40323
49415
50062
44813
49098
37890
63631
19713
50662
41999
35189
41603
46798
36608
63370
4864
65267
53917
65375
39810
45014
37252
63369
19840
50664
41999
35189
41859
46799
36864
63370
13826
46772
37523
55694
1668
40397
34334
45460
56960
14833
35741
55921
1027
39629
33821
45970
40704
2552
62881
55664
641
39373
34076
45970
56576
14833
35741
55920
1027
39629
34076
46226
20482
19605
49801
59792
33665
49419
48144
54157
46465
3714
45981
52119
36228
47117
48398
53387
60160
24363
53511
45319
37386
47126
48144
53641
46337
3713
45981
52119
36228
47117
48398
53387
42242
48230
39951
49069
7556
55957
37016
37314
40192
22415
34847
43676
7172
54674
37271
37057
41728
25426
38930
43677
7301
54418
37016
37057
40192
22416
34847
43420
6916
54674
37271
37057
8450
53393
7690
45759
60422
5511
63382
56266
32000
49041
65041
44453
60551
3720
62356
56009
768
38993
52260
46497
59914
4231
62354
56009
32000
49041
65041
44453
60551
3720
62356
56009
63746
58730
773
47050
44929
33052
39573
50885
57856
48779
40218
44964
44546
64800
39827
50116
44800
35090
44306
39619
44673
32791
40082
50629
57856
49034
40218
44964
44546
64800
39827
50116
65026
52354
41093
47233
50688
41986
40833
42000
48897
56972
42507
42005
49156
39685
40320
40975
52736
56247
38535
38276
49027
40321
40577
41486
49024
57229
42507
42004
49155
39940
40320
41230
35842
38147
60672
38790
40578
64150
60301
38153
42753
64785
63775
35617
38916
62092
59276
36872
57344
52642
54404
32903
39043
62613
59791
37639
42880
64784
63775
35617
38916
62092
59276
36872
65282
33178
59794
63776
60801
58530
60164
61228
61696
44463
64014
59187
61824
57756
59397
60459
39936
39112
53658
58134
61953
57250
59906
60714
61696
44464
64270
59187
61824
58012
59397
60458
46082
394
50461
31310
19209
39855
44180
36413
5888
49130
43799
40236
20102
39608
43669
36154
33024
26269
40978
37186
20485
41139
43670
36667
5760
49131
44054
40235
20102
39608
43925
36154
49154
54664
37125
60699
42241
64146
26261
58137
36608
63922
25621
61453
41346
62614
25746
57624
31488
40841
20247
57124
41219
63120
25489
57882
36608
63921
25365
61453
41346
62614
25746
57624
53250
11146
24588
34056
10246
33845
37905
46084
36865
64692
41116
42394
12288
35114
37645
45826
42752
54411
40839
44687
13700
35883
38158
46337
36992
64692
41117
42395
12288
34858
37645
45826
12802
40405
41734
5709
14339
34183
33806
18762
0
42389
1175
12071
14976
32910
33803
18503
8448
37567
1414
14121
15488
910
33291
18758
65280
42134
1175
11815
14976
33166
33803
18247
15618
7392
47360
7251
18946
2212
44295
14427
56064
30882
44937
10814
19329
1959
44294
13913
41984
16848
42627
8776
19202
2724
44294
14169
55808
30882
45193
10813
19329
1959
44293
13912
30722
16786
39688
44613
56451
48019
41091
54332
56448
3968
39433
53795
55811
48539
41347
54073
25088
61858
45704
53293
55680
49817
41348
54329
56320
3713
39432
53794
56067
48539
41347
53817
55810
52147
33928
39474
58374
37253
63503
61511
41728
62850
63120
63539
56962
35205
63502
60997
1280
36076
62352
60960
56321
34955
63245
61253
41856
63107
63120
63795
56962
35206
63501
60997
43266
39306
58893
49211
58368
65228
55951
47937
5633
46772
57624
41048
58368
63173
55183
46655
45568
53723
52231
35883
58241
63186
55440
47165
5760
46774
57624
41048
58624
63174
55183
46910
49666
60233
63369
43923
40454
58525
34702
46484
48129
44360
39463
38160
37121
57240
33930
45460
36352
40706
62097
34443
36228
57762
34446
45973
48256
44359
39463
37903
37377
57240
33931
45461
61186
65292
41872
60936
61060
49325
49284
61460
41856
48915
47747
56359
62340
48555
49538
60693
59136
44722
34851
59174
65297
49322
49666
60950
41729
48915
47746
56103
62340
48555
49538
60693
32770
40506
54019
38315
61443
56324
56735
44706
39425
42051
64836
36742
59907
55306
55196
43938
48128
39704
41866
32933
58249
55809
56226
44451
39552
42306
64836
36743
60162
55306
55197
43938
55042
34900
61453
62106
35586
48296
37038
33956
51713
64868
42568
58633
36224
47775
36266
32932
34560
63291
35094
59794
36097
47781
37036
33444
51456
64867
42568
58633
36224
47775
36266
32933
51714
23317
35114
44057
54789
51715
43428
49685
56321
56249
44832
52484
57216
51330
43941
49684
6912
51869
39986
51217
57344
52352
43940
49940
56448
56249
44832
52228
57216
51331
43941
49683
62210
54023
59650
3463
32906
292
60421
5254
57216
14762
59010
3734
30210
1060
60677
5255
20480
1831
63117
2706
28166
806
60677
5254
57089
14762
59011
3478
30210
1059
60677
4999
50690
20634
48650
12172
45838
5183
42760
16005
50432
41148
38298
13485
45707
2870
43269
15238
53504
533
47891
7559
44552
4159
42759
15748
50176
40892
38555
13485
45707
2614
43525
15238
9730
50740
34068
58047
55682
57889
34965
62659
39936
35198
36112
62388
56578
57889
34709
62658
3840
39728
30498
61105
55809
58658
34708
62914
39680
35198
36112
62388
56578
57889
34709
62658
18946
54563
19113
48324
56838
51255
16939
48041
43265
64831
17576
50335
57475
51517
16427
47528
2560
49052
21689
46273
55937
51764
16681
47785
43392
64830
17320
50336
57732
51773
16426
47528
62466
57911
45588
41649
43398
37023
48539
49827
39168
54120
50462
46353
43781
35469
48283
48545
51456
36120
46624
42913
43909
37273
48539
49570
39168
54120
50462
46353
44037
35469
48283
48546
33538
49718
55686
43010
51334
56781
63121
55555
50689
63304
34597
43827
51720
56771
62605
54788
33792
52645
60548
39955
51337
57549
63120
55299
50816
63559
34597
43826
51719
56771
62605
54788
50946
62583
36243
37592
37255
61195
51082
48595
41217
46755
57121
42151
37638
61460
50821
47825
61184
45892
46229
40384
38275
62478
51592
48338
41344
47010
57121
42151
37638
61460
50822
47826
56834
41823
3099
40679
61189
33596
8087
46065
40705
61631
9747
42453
58880
33086
7832
45552
63488
54884
4388
40157
57987
33596
8087
45809
40832
61631
10003
42197
59136
33086
7832
45552
6402
20360
49552
38577
44418
47132
53771
45494
54912
40512
52370
47023
45056
48160
54283
46004
51456
33644
58241
51109
45184
48420
54029
46003
54784
40512
52370
47023
45312
48160
54283
46004
56578
31917
23940
15109
14465
1305
19716
13189
41857
48565
21392
9382
12417
64274
18948
11653
38656
38230
14603
18
11779
64545
19206
12418
41985
48820
21392
9126
12417
64274
18948
11653
16386
16560
13825
17444
13696
4383
20502
26143
60160
61691
22688
19596
12161
3351
20500
25373
15104
19721
21389
13844
11779
4384
20757
25631
60160
61690
22689
19340
12161
3351
20499
25117
44802
18461
56961
13479
57604
10542
54277
14489
16384
13333
52875
12703
57477
10288
54532
14488
38656
23944
57347
12966
58378
10286
54277
14489
16640
13076
52875
12703
57477
10287
54532
14489
43266
17468
52491
21943
46083
23108
57091
24243
26368
24628
58503
23737
45953
23103
56833
24243
62208
34330
60803
26299
46721
23357
57088
24244
26112
24627
58247
23737
45953
22846
56832
24243
61442
35412
24067
38888
35204
34879
19859
41960
60416
65460
16675
41160
34056
33349
20113
41191
48384
57165
24064
35050
33673
34364
19603
41705
60160
65459
16419
41160
34056
33348
20113
41447
61954
39823
35846
39700
40832
64699
33413
42520
41729
38425
32776
38969
40705
63154
33157
41496
36864
57771
259
35343
40833
63676
33158
42263
41856
38424
32776
38968
40705
63154
33158
41752
32770
59268
57473
58378
34053
51628
56576
61713
36609
52746
57606
58157
33153
50339
56064
60945
65024
49051
52105
55048
65280
50860
56449
61456
36608
53001
57861
58156
33153
50339
56064
60945
65282
23967
1946
11542
14208
10396
39438
8223
19584
7337
40589
8988
13185
9114
39696
7967
41216
1953
42127
6690
12802
9112
39952
7968
19456
7337
40589
8988
13185
9114
39696
7967
44802
14651
38916
16275
35714
19075
42372
11928
55296
11559
41092
14737
36352
18052
42884
11671
56576
38178
47376
11905
36866
17920
42882
11926
55296
11559
41092
14736
36352
18052
42884
11671
39682
56125
3459
53421
38147
48667
34695
55213
13824
64579
35852
52896
38273
48668
34694
54957
34048
51494
35332
51626
37633
48665
34950
54957
13568
64578
35852
52641
38274
48668
34694
54957
37890
48257
65411
39189
53251
36231
64772
33820
25601
37291
33537
34329
52480
35209
64516
33563
6656
50349
60556
63755
51843
34958
64515
33562
25728
37292
33536
34328
52736
35209
64516
33562
42498
45582
50946
42372
60800
35482
48002
45448
39296
33839
48905
41746
60418
34452
47746
44680
61440
63241
42375
38796
60291
34716
47748
45193
39168
33838
48905
41746
60674
34453
47746
44936
61954
34948
47618
34568
39042
62618
48776
36878
48385
54275
50451
34333
38914
62101
48263
36366
4864
58270
44934
33030
39297
62362
48521
36878
48256
54275
50451
34333
38914
62101
48263
36622
60418
40243
46346
36502
61826
59549
48024
42138
35073
34391
51498
36873
61444
58774
46998
41370
42752
35605
41989
33682
61315
59293
47513
41883
35200
34391
51497
36873
61443
58518
47255
41370
18434
10496
25745
37520
8963
39689
20492
39041
59648
42754
20878
40064
9089
39947
20237
38784
30976
38551
17802
39555
9473
40458
20237
39040
59776
43010
20878
40064
9089
40203
20237
38784
13570
32030
16385
31129
4096
28699
14977
30625
64512
41515
16002
29608
4097
27926
14722
30113
2816
16165
12040
28561
4480
27931
14721
30369
64512
41515
16002
29608
4096
27670
14722
30113
21250
30863
6797
23168
37509
16905
3082
22529
51200
31117
2956
20103
38658
16393
2826
22273
9472
19200
1928
18945
39296
16395
2827
22529
51200
31117
2956
20103
38914
16393
2826
22273
258
3476
7168
16155
36611
15380
9993
24353
41984
36313
11148
22022
36482
15631
9736
24095
16896
34473
10375
22028
36354
16399
9992
24351
41728
36314
10893
22022
36738
15630
9736
24095
2306
54684
3072
48153
53761
47745
3842
44319
43776
42432
3971
45075
53889
47234
3842
44318
4608
38560
3712
44816
54019
46979
3842
44318
43776
42432
3972
45075
53889
47235
3842
44574
33026
54400
46210
54402
57600
56332
45056
51073
50432
47499
45315
52869
58241
55820
44800
51074
34560
46599
43906
52616
58372
55819
44928
51074
50432
47499
45314
53125
57985
55819
44928
51074
10754
40838
51608
23977
44288
17968
53778
22173
44032
23567
53396
20131
45185
17458
53778
21916
49408
22558
56972
20136
45057
17457
53779
21916
44032
23567
53396
19875
45441
17458
53778
21916
36098
18855
13589
11278
57602
7298
16768
9235
35328
16028
22677
7944
57224
6532
15747
8979
12544
2468
9750
8212
54547
6274
16512
8979
35328
16028
22678
7943
57224
6532
15491
8979
43010
62610
18079
61195
46607
59931
17176
2575
49280
18382
14988
2186
46478
57877
17946
2317
2304
62733
19365
61448
46351
59673
17433
2574
49152
18382
14988
2187
46479
57878
17946
2317
32514
62704
52391
39732
8840
47747
54292
62290
44544
60562
61191
36667
8968
45568
53014
62033
32512
3321
41402
65055
8581
46215
53777
62288
44416
60563
61447
36667
8968
45824
53270
62032
2050
897
53651
35599
13965
36269
64388
42759
57088
50955
37141
41499
11274
36264
64129
43016
36352
45848
59787
39696
11402
37036
64899
43016
57088
50955
37141
41499
11018
36520
64129
43016
56066
40377
3210
52275
48640
51331
8739
61249
62208
4320
13492
57127
49410
52361
7968
61248
20480
14472
6296
61736
49794
52363
8738
61503
61952
4321
13493
57127
49410
52361
7968
61248
62978
47750
34971
50573
38533
57902
34076
43655
38400
160
35224
48792
38405
57389
33820
43656
60416
1292
63393
47770
38787
57387
33819
43656
38784
160
35480
48792
38405
57645
34075
43656
37378
36554
6283
58965
30979
57523
7691
50524
30464
45818
8582
52043
32128
57016
7692
50267
65024
36483
7318
51532
32256
56248
7947
50267
30464
45818
8582
52043
32128
57016
7692
50522
8962
33307
58770
49308
38153
55833
55579
47779
34048
34581
53159
50598
37509
57366
55833
48291
33024
60245
60040
54419
36355
56859
55323
48034
33792
34581
53159
50598
37510
57366
55833
48291
52226
44593
13056
49539
25217
60602
10890
42129
29696
16727
8978
48663
25346
60853
10889
42640
26880
44570
12290
49668
25474
60601
10634
42384
29440
16727
8978
48663
25346
60853
10889
42640
57346
23694
41244
28174
897
25355
35730
30733
45313
39594
33290
29057
384
25352
35732
30476
42752
34182
39971
29188
32769
25608
35474
30476
45312
39595
33290
29057
128
25352
35732
30476
41474
36491
9498
33551
52484
2442
12693
34575
46080
34965
14346
32779
53376
1934
12438
34831
59136
40346
7722
32788
54145
1933
12436
34575
45824
34965
14346
32779
53376
1678
12438
34831
64002
40226
59195
61847
38659
59406
53442
61346
61440
55851
49464
60319
36352
58636
53443
61346
59136
54603
35431
64139
36610
59410
53439
61344
61184
55851
49464
60319
36352
58636
53443
61346
58882
16019
14095
17280
52865
15397
18950
18453
17024
17870
23198
17153
54402
16167
18179
18452
16640
33966
12571
20876
55301
15649
18694
18451
16896
17614
23198
16896
54658
15910
18179
18452
40450
37511
61456
33588
10502
62156
35492
34084
34560
62355
33567
63789
11652
63438
36002
34339
57088
59520
49720
36933
11525
63175
35998
34085
34944
62355
33567
63789
11652
63438
36002
34339
1026
8349
17939
3865
57348
2190
27151
1045
4352
11418
36534
1288
56453
1171
26122
533
30720
55206
13092
1056
56326
1165
27152
789
4352
11418
36534
1031
56453
915
26122
533
49922
38994
54823
62904
54278
53520
53412
37578
45568
51837
46090
64175
53382
53266
54438
37577
51456
50782
40021
63922
53769
53522
53664
37577
45568
52093
46090
64175
53382
53266
54438
37577
56578
50627
3099
52257
56192
54931
11660
51493
25600
51101
15744
53534
56580
54163
11151
51493
32512
48847
8479
51486
57736
54419
11662
51492
25472
51101
15744
53534
56324
54164
11152
51493
52994
49922
43040
36120
38785
33178
39327
34069
55040
38039
37913
33819
38912
1433
39327
33812
59648
390
45616
531
39683
412
39325
33812
54785
38039
37657
33819
38912
1433
39327
33812
8450
33169
33154
54696
25216
33596
777
53148
44416
33157
3992
58291
23428
34874
263
53915
35072
45354
40211
64404
22026
34883
522
53658
44032
33156
3992
58291
23428
34874
263
53915
57090
6699
57630
24334
20232
33678
60065
27657
57857
31121
58406
31237
23040
33684
60577
27656
2560
14721
59429
29465
24451
33937
60064
27913
57856
31121
58406
31237
23168
33428
60577
27656
23554
36617
36897
44701
45317
39240
49538
49065
9728
6404
51338
45763
45701
39488
49799
48298
7936
38204
54036
45225
45576
39750
50055
48810
9600
6404
51339
45508
45957
39232
49543
48299
46594
50265
21027
38812
46604
33284
38278
38831
48641
33365
41344
36006
50563
34433
38537
38831
37376
58175
40208
39307
51456
34053
38793
38575
48384
33365
41088
36006
50563
34433
38538
38831
24834
279
8750
13184
11911
21913
9913
9617
60416
42048
3408
13834
12042
22678
11192
9874
34048
32529
23327
20120
12940
23200
10428
9620
60800
42047
3407
13834
11785
22679
10936
9875
9474
20781
34833
27280
64003
30725
1665
24472
2816
23581
8088
26514
63744
30469
900
24472
3072
16671
43049
28044
62852
29957
1536
24472
2688
23581
8088
26514
64000
30470
900
24472
32770
37046
44425
40504
3973
38559
51586
43061
57344
55757
52229
41763
1152
38564
51841
42804
4352
35259
54401
40760
5
38814
51840
43060
57472
55757
52229
41762
1152
38564
51841
42804
33794
1158
45454
39174
57349
42888
43547
41229
43520
36769
42399
41737
56964
43910
43547
41485
37120
50176
43934
45072
57351
43908
43547
41486
43264
37025
42399
41737
56964
43910
43802
41485
33282
2621
38400
38596
46476
37923
31374
46277
49024
58467
29207
43699
49920
38441
31372
46020
55808
49492
32514
45245
52489
38697
31117
46276
48896
58467
28951
43699
50176
38441
31373
46020
64514
48039
52748
37956
61188
35251
52367
36163
4352
1267
54551
34106
60160
35764
51855
36418
59136
39839
48136
37437
59777
34995
52112
36163
4352
1267
54551
34105
60288
35764
51855
36418
20738
35468
39937
43155
28160
48418
32783
42131
58368
11
402
44957
27392
48671
13
42643
24832
48920
4750
45458
28033
48674
268
42386
58112
11
402
44957
27392
48671
13
42643
18178
31538
58511
13497
17665
13320
50181
5557
36864
43878
48770
7065
17665
12815
49927
5811
22784
6193
50571
8106
18821
11787
49671
5299
37248
43879
48770
7065
17665
12815
49927
5811
45826
57248
54161
56961
49540
59677
54536
50189
39169
48295
56835
54272
48901
57885
54025
49932
39936
34981
50327
50828
48772
58393
54280
50187
39168
48551
57090
54272
48901
58141
54025
50187
3074
37530
35978
35600
3332
30080
33297
37899
16896
50585
34190
35072
3969
29827
33296
37643
22784
35717
3995
33804
4097
29952
33295
37899
16640
50585
34190
34816
3970
29827
33296
37643
20738
4374
42242
3210
27264
3077
40962
1931
13056
2826
42892
2186
26241
2564
40450
1675
50432
37394
36362
1155
25348
2310
40708
1674
13056
2825
42892
2186
25985
2564
40450
1675
34306
54160
34437
48922
35073
45978
39044
48923
3840
53150
40201
47645
35457
45722
39043
48666
1024
47773
39297
47129
35330
45723
39299
48666
3840
53151
40201
47644
35457
45722
39043
48922
2562
6403
39682
34447
55041
38422
43527
644
19968
1682
43398
34185
55296
38936
43782
645
23808
9231
47497
35985
54914
38678
43781
644
19840
1682
43142
34185
55680
38935
43525
644
38146
39690
62491
518
39046
3471
65165
33159
63360
35337
2563
772
40450
4239
64655
33159
60928
33077
64273
3203
41474
3731
65166
33159
63233
35336
2307
771
40450
3984
64655
33159
514
32768
0
32768
0
32768
0
32896
0
0
0
32768
0
32768
32768
32896
0
0
0
0
0
0
0
32896
0
32768
0
32896
0
32896
32896
32896
