0
0
0
0
0
0
0
0
0
0
0
0
0
0
0
0
0
0
0
0
0
0
0
0
0
0
0
0
0
0
0
0
0
0
0
0
0
0
0
0
0
0
0
0
0
0
0
0
0
0
0
0
0
0
0
0
0
0
0
0
0
0
0
0
0
0
0
0
0
0
0
0
0
0
0
0
0
0
0
0
0
0
0
0
0
0
0
0
0
0
0
0
0
0
0
0
0
0
0
0
0
0
0
0
0
0
0
0
0
0
0
0
0
0
0
0
0
0
0
0
0
0
0
0
0
0
0
0
0
0
0
0
0
0
0
0
0
0
0
0
0
0
0
0
0
0
0
0
0
0
0
0
0
0
0
0
0
0
0
0
0
0
0
0
0
0
0
0
0
0
0
0
0
0
0
0
0
0
0
0
0
0
0
0
0
0
0
0
0
0
0
0
0
0
0
0
0
0
0
0
0
0
0
0
0
0
0
0
0
0
0
0
0
0
0
0
0
0
0
0
0
0
0
0
0
0
0
0
0
0
0
0
0
0
0
0
0
0
0
0
0
0
0
0
0
0
0
0
0
0
0
0
0
0
0
0
0
0
0
0
0
0
0
0
0
0
0
0
0
0
0
0
0
0
0
0
0
0
0
0
0
0
0
0
0
0
0
0
0
0
0
0
0
0
0
0
0
0
0
0
0
0
0
0
0
0
0
0
0
0
0
0
0
0
0
0
0
0
0
0
0
0
0
0
0
0
0
0
0
0
0
0
0
0
0
0
0
0
0
0
0
0
0
0
0
0
0
0
0
0
0
0
0
0
0
0
0
0
0
0
0
0
0
0
0
0
0
0
0
256
0
0
0
0
0
0
0
0
0
0
0
65280
0
0
0
0
0
0
255
0
0
0
0
0
0
0
0
0
0
0
0
0
1
0
0
0
0
0
0
0
0
0
0
255
0
0
0
0
0
0
255
0
0
0
0
0
0
0
0
0
1
0
0
1
0
1
0
0
0
0
0
0
0
0
0
0
0
0
0
0
0
0
255
1
0
0
0
0
0
0
0
0
256
0
0
256
257
65280
0
0
0
0
0
0
0
0
1
256
65280
0
0
0
0
0
255
0
0
0
65280
0
0
0
0
1
256
0
0
65535
512
3
256
255
0
0
0
255
0
0
65280
1
0
0
0
0
256
0
65535
0
65280
257
0
0
0
0
0
0
255
0
256
0
0
65280
255
1
0
0
0
65280
256
65280
65535
65280
0
0
0
0
256
1
65535
0
0
0
1
0
0
0
0
0
65535
1
255
65281
254
65534
0
257
0
0
0
255
255
0
255
255
0
0
0
0
256
0
65024
256
65281
0
0
255
256
0
256
0
0
256
65534
255
65024
510
65280
0
256
0
1
0
0
256
65280
1
65280
65280
0
256
511
256
65279
0
65280
0
65281
0
0
0
65535
255
65281
255
255
0
65281
0
253
511
0
1
0
65281
257
65282
65024
255
256
0
0
1
511
255
64768
65281
65281
65535
258
65280
256
255
255
65535
0
256
65535
256
1
65535
509
65282
0
65280
65535
255
255
511
65280
256
1
65280
0
1
256
0
64513
255
257
0
1
1
511
1
0
1
511
1
65280
255
0
65281
513
258
1
257
65278
257
767
769
65280
65281
0
0
0
0
256
0
64258
255
2
765
513
1
0
0
1
0
511
0
256
65025
0
258
1
255
65535
255
65024
1
65023
65027
1
1
0
256
0
255
256
255
64516
0
1024
254
513
256
65025
65535
256
256
65026
65280
510
257
65279
65280
513
65280
0
65280
511
512
255
510
0
1
1
0
0
65280
766
255
65029
65281
1023
514
252
767
65281
65281
255
255
65535
257
65281
254
510
1
766
2
255
257
1
509
0
510
514
65535
0
0
256
257
253
255
518
1
1279
770
64513
65535
1
256
1
256
257
65280
257
65025
65533
257
253
65282
255
1
0
0
511
258
65024
1021
65280
0
0
65280
0
65281
772
511
252
1283
258
65281
65280
65279
257
255
65281
255
65280
255
65022
256
255
514
256
767
65281
65534
65280
0
1
65281
509
256
0
0
65534
255
1284
1
65020
65284
0
65535
0
2
0
255
254
257
257
65535
64767
0
65282
2
0
65280
1
65281
65535
767
0
65021
256
65280
65280
65025
65532
65024
768
0
63740
64515
1532
65281
256
256
256
255
0
511
255
1
3
512
257
258
511
255
255
65535
65282
65280
255
258
256
65281
0
256
509
257
253
511
63746
63236
251
511
255
255
256
0
65281
0
514
65282
767
769
65279
65279
1
65535
255
258
255
255
771
515
257
0
0
256
65277
65280
65279
254
64515
2
64254
0
254
65281
255
0
3
65281
65280
64514
64001
63990
1788
257
512
256
511
256
65024
510
1028
1026
515
256
0
65281
509
256
65530
1026
1030
510
63231
511
65535
0
65535
1
767
767
769
65529
510
64508
65534
65025
2
65023
65535
255
65282
64512
259
1025
65281
256
0
256
64767
255
65020
65281
2048
0
62728
65534
65534
0
65281
65279
0
515
767
509
1
64001
65025
259
510
0
65280
64768
65277
65282
1024
65021
65026
0
65280
511
64258
65280
63993
65024
512
65285
63236
770
2
512
257
254
3
65024
770
259
65275
64772
513
254
257
259
65280
2053
65281
505
1797
64762
65023
256
0
256
64766
258
65527
64765
63496
506
251
513
509
65280
65532
64769
254
64763
6
261
1538
1026
514
65277
65281
511
5
248
1
64515
65277
63991
769
1
65024
65279
64767
256
246
65022
246
63499
515
765
3
255
770
1023
64775
65275
766
758
763
65274
1540
511
65031
514
63218
64005
1021
64770
2051
65535
65027
65535
512
769
1018
1288
65274
65532
62981
65261
249
65278
508
65279
64509
1023
248
512
63741
64252
782
63223
63235
65534
65273
1015
63233
65285
1022
769
64772
5
65281
0
256
512
1531
252
504
2303
64766
64529
1047
65282
64770
64258
7
64511
65285
62987
266
2046
2289
63233
64767
0
64523
7
2572
2046
2299
514
767
62466
62723
65022
65280
65282
514
64773
252
63232
60170
5875
1523
1286
510
1021
1530
2558
1019
762
1793
63490
62464
514
1532
258
1537
65283
63999
2043
774
64265
63998
767
768
1023
512
512
65287
1535
65276
1802
1810
63967
63481
63749
65269
65283
64252
505
63485
2305
1032
65534
64523
64499
4
512
65274
768
251
65017
4
248
249
60917
1790
258
0
2
63744
1283
3071
758
3075
54292
261
60421
65532
65280
0
65018
64258
254
2562
772
2041
1540
65028
3577
64767
4
1793
63232
0
757
506
63221
64258
64769
65024
65279
65019
0
63224
770
64503
1330
7
59655
1540
3
1020
767
5
63746
65030
64515
258
2044
65024
64510
65021
510
64261
1280
1282
1288
1278
1280
63744
255
65280
65281
4
64513
64776
63473
252
12045
1015
59886
1536
509
253
257
64770
518
1799
2557
242
63997
65018
65022
257
64001
1287
64519
3072
767
513
517
257
65280
0
511
64517
1022
63991
65298
527
6368
256
61659
1280
2
1
511
65027
1793
2305
3334
62972
777
65533
1032
65534
64767
2804
1793
2053
64516
62466
65527
256
769
768
1279
65283
2052
1298
2038
5112
54270
63489
986
770
513
65281
65024
250
507
1284
64507
63748
259
514
64505
516
1285
64246
1274
1797
2
63735
65030
65278
1
64768
65278
64762
65277
63470
266
504
45
773
1774
265
65287
64257
64005
1540
65025
1019
61185
2562
10
258
0
261
64762
63502
63741
65039
767
62984
65532
65024
65024
512
512
1027
772
1051
61937
62713
10228
1530
1267
65535
64000
65277
65022
65284
65021
64769
2047
1023
1542
62970
64518
1788
65533
1544
2559
1537
2559
260
255
65283
512
64768
64002
64513
63995
61687
4627
1552
61390
254
515
513
65276
765
508
64512
1549
3580
63732
63999
780
1272
1788
1282
65281
2299
63490
65028
1794
64518
4340
767
769
2048
1280
1539
5376
6159
62703
5095
53534
62725
64532
63239
64766
64258
63484
65271
65271
1784
1545
2569
2320
2
64518
65525
64511
64767
64259
65029
63990
772
2049
63744
64768
62464
62208
61690
60929
56836
3837
58874
15378
2815
4109
1287
1281
1538
1279
2570
2046
63233
1788
1277
1028
1024
65275
1535
1535
64768
771
1537
259
63237
2
507
512
3072
3585
4608
5121
7932
61965
1300
64464
63233
4355
64002
65281
508
65533
65029
62209
2038
65033
62707
1790
64513
768
65282
65279
64518
65279
65535
770
64258
63741
768
0
64000
63746
64775
62716
59153
4846
2292
35
1537
4350
65279
1535
64765
1789
65018
63746
62977
1795
65278
3
252
65026
2046
510
1279
262
515
1023
1023
65273
1027
0
768
766
65029
2554
4580
62226
62468
9004
62979
2036
64255
257
65534
507
65281
1039
508
62711
64775
1278
63997
64255
65282
64516
65285
1274
65025
65024
519
1021
64258
65024
64768
64258
63233
64520
61483
2285
65026
1767
1532
489
1525
766
762
2044
1530
65523
763
4
2301
2301
1276
2052
1019
1021
760
64773
65535
1795
2053
1536
1280
512
768
1277
1783
764
2785
26
6921
46630
767
61946
63488
63748
64771
64519
65027
65532
65021
1535
63999
65283
64770
64253
65285
64002
64003
1280
65279
259
65034
767
64769
65535
0
258
2051
65283
62751
62175
58854
3106
2559
62710
1273
761
1025
2557
254
65031
1787
2555
64005
257
2306
1023
765
65281
2305
63488
65533
1275
4
65534
256
256
64512
64513
63493
63221
63713
2596
64277
64448
63236
64254
767
251
257
65284
509
65026
64764
65284
10
65282
64517
64257
511
64770
64761
2567
516
65535
1284
508
254
65280
1280
1025
64770
3846
4637
63458
1012
50135
1784
64515
254
1282
511
65280
65282
1281
64250
255
2821
513
259
1534
257
513
1030
64757
507
63736
770
257
256
256
64000
63738
64756
62200
62183
4116
251
3624
1288
65293
65291
64781
64260
64520
64515
64259
65534
63748
65282
64259
63744
65021
65279
65282
1023
62473
64509
65029
65030
1023
64255
64512
1280
1790
2825
778
3861
60655
55814
25300
64517
2553
1784
65276
1019
762
508
251
65273
1023
1025
65278
1023
1
260
2
65019
1286
255
65279
261
1286
1022
511
64768
65278
515
63991
61936
6689
7211
62414
63226
65531
1019
65020
514
65027
254
64513
64250
1020
2053
4
254
65026
65278
770
64004
65011
65285
63748
64257
511
770
256
1792
1794
1028
2568
8972
61915
2550
62519
64756
61434
64764
248
65022
65018
64260
65028
254
63742
1535
514
1281
252
1022
766
1028
63998
65026
6
1536
64256
64514
65280
64000
64255
63481
62972
57579
2836
266
7994
2583
64509
1028
1543
65283
512
64004
769
63233
64266
508
64768
65282
65280
65024
65281
65285
2
1541
2302
1279
517
64513
0
1280
1540
2816
1033
7177
59904
1295
61684
65013
1787
1021
1798
510
769
1535
254
765
2042
63489
65281
65023
253
255
767
64763
513
2300
1
762
2049
768
1279
64768
65027
64261
63998
57864
4601
6636
55580
246
255
64772
1022
766
769
1025
64513
65022
64768
267
65287
65024
514
514
1275
8
776
63992
64766
511
1277
64765
65024
65024
65279
62983
255
65278
64771
1030
62707
1786
508
2
64248
65279
764
254
256
64512
771
514
65280
256
0
511
513
65022
63482
1533
1025
511
255
1280
256
65024
251
61697
511
65269
764
62964
65292
771
510
65025
255
65025
65026
259
257
65023
512
65283
65280
64771
260
515
254
253
64508
63747
255
1
65535
65281
65535
512
1025
62969
1023
4342
64771
64002
2288
11
65283
65024
767
65535
65281
65024
65024
259
0
256
510
64512
1023
65026
256
0
65276
65285
765
65022
3
65281
0
64768
63999
64506
64515
4343
1283
64515
64496
777
258
766
511
65022
64767
767
0
254
255
65280
65281
64256
769
65021
64507
65530
2052
4
260
1787
1025
65281
0
256
65533
65533
5
64743
504
763
62995
64766
65289
64769
65025
256
65277
64512
64256
509
252
65024
1022
2304
3
64251
765
3079
1794
1795
63489
64773
2296
1022
1
1536
2049
1534
2562
61695
63999
63751
3588
516
265
1025
518
762
1286
2064
65292
63750
62720
61458
62974
61175
1004
62700
2041
2545
1516
5117
2309
1021
2535
3588
1793
65024
65024
64511
64503
1279
4874
2068
55037
254
261
3078
1533
2553
251
1546
2584
63472
65028
7151
60681
56799
49664
3609
63479
6406
62755
61412
60655
57381
6421
63992
61440
64768
64768
64773
65297
2801
65006
59384
3582
1023
64506
65028
65276
65022
254
63999
63489
60681
1278
1016
61447
65001
58400
253
4858
2798
8725
1545
62496
63480
2559
2569
3581
65024
65535
65279
2300
62205
64788
64795
4043
1010
65515
62215
254
768
64255
1538
5381
2811
2281
59614
60664
516
3065
3065
65520
61684
217
60156
3054
53521
2059
62986
64005
256
514
65018
63744
9482
65273
2548
2279
65019
252
2
1539
1793
766
65030
1027
62954
63232
278
2554
65026
2557
10
2807
268
64772
63258
2053
4342
63481
5108
1025
768
1025
510
2821
62462
64776
2062
60641
1789
62979
1784
65019
64764
1791
1026
64003
64246
65039
12031
258
770
65261
2042
62462
64018
6153
1257
57333
60957
6891
63490
256
64768
64511
64261
61699
6902
62448
499
61717
513
63238
257
64259
265
65021
64765
248
61192
2830
1263
64249
4621
5895
516
63489
4353
2286
61690
64255
1040
3075
64245
767
512
766
513
3062
60684
2040
64250
6654
2049
2573
8
259
65284
1538
10
63266
63205
5657
58623
5868
511
4592
63486
64002
64778
64226
24
64243
65290
61432
1530
65025
0
65280
63488
64009
3311
63487
63236
9226
3059
763
64764
763
1791
64765
1529
65531
514
256
61953
64768
61186
60919
1026
764
0
62986
64786
62725
64783
64513
1023
65279
64768
64253
63743
64246
63758
1538
770
63471
63987
773
1028
65281
64254
65280
9
765
59121
60132
62449
776
3577
2312
65282
2809
522
62737
63745
64002
62199
5645
1023
1536
1024
510
2049
2307
3314
3339
65532
286
5622
65013
65272
65023
1025
65022
64258
65031
1792
62970
774
2811
64004
64507
248
1531
63999
1787
65532
65534
3335
64763
64253
64512
64768
64512
64258
61953
1528
1028
63744
63746
64498
3073
253
259
1019
517
508
63487
64768
2560
1265
64246
3581
3328
516
2053
515
63239
64004
1798
776
1536
65022
509
1536
1534
1025
4341
64252
1287
3081
57358
4607
61698
64259
767
65023
1023
770
65269
61169
58395
61193
5145
3058
64251
62970
256
507
4092
64763
63994
255
63995
64000
258
64512
64513
63238
64522
65025
65020
2292
1534
62718
770
65535
64256
257
1023
770
1538
64254
63490
59380
6392
1287
0
1032
260
62456
1281
3326
65276
1275
513
64766
65026
64768
64768
63487
63992
65027
63508
60931
3287
5876
517
511
2057
1025
64262
65281
757
63490
5629
54793
7671
1008
63745
775
1534
7
65528
65021
1534
1541
1541
765
767
1024
768
1795
3082
257
62963
61692
2775
62970
250
65532
248
64511
1787
763
250
64765
510
259
59904
64769
64001
64761
1537
62464
256
63755
64767
63231
63748
65534
511
64512
65276
65026
61947
1790
2800
2305
64500
515
2
521
63493
65275
65286
65024
1548
63498
64247
2555
60682
64000
1283
1274
256
61696
60667
4
64255
1788
63232
64771
64513
1280
2303
3843
3584
2050
253
8722
2306
64496
64248
64254
514
63748
64769
1019
1528
257
65535
63735
65039
63492
1792
766
1275
64776
263
761
2814
65026
65020
3
0
65024
65024
64254
63236
63994
2044
509
20
773
256
65279
762
1016
1024
64513
2313
4600
3846
63498
62988
64767
64514
65025
1026
63233
3841
63234
64518
254
1535
0
0
256
765
64769
1267
65031
266
57864
10770
64238
61446
63747
64773
64002
64511
62721
62977
64003
0
64514
255
510
769
769
511
65031
64510
763
65528
516
261
0
257
65280
65025
1030
266
64764
265
62956
2040
260
764
763
766
768
515
2810
2298
770
255
5
65280
257
65279
512
64511
65023
1283
63739
256
765
64259
256
511
65024
64512
65532
64505
5
63495
4595
786
64490
1039
1026
509
253
65279
65028
13
2305
65530
2302
64002
64776
1021
255
65282
64765
257
65534
1526
1022
64514
512
511
768
772
256
3075
63744
64258
1545
61411
1031
1530
759
65534
65024
256
261
65534
2554
514
65275
3067
768
1541
258
1281
250
3069
64260
64767
763
1280
255
65280
256
513
65282
64517
2815
1032
64276
54029
61932
2804
64257
258
766
256
65274
253
1787
256
1278
505
262
1277
65535
510
63999
64518
1791
2
1535
1538
256
255
64512
64764
65278
65533
63483
62446
60912
64810
1820
65284
65032
5
65026
258
64261
63751
64256
2053
62722
63232
508
65285
65029
64509
64769
517
65019
64257
65023
65030
511
65280
65024
65535
1
65287
63732
504
65021
3591
765
504
2808
253
1790
510
2309
65273
1532
64517
262
64511
260
2043
511
65024
65023
2556
65022
1787
1532
65279
1023
256
1280
1791
514
64759
4360
5389
8950
63465
63999
61186
64255
65025
64258
64767
769
64773
65022
65020
1280
513
261
1020
0
768
2563
61949
65533
0
64768
254
64768
65024
256
512
4
1551
62712
770
64518
265
1533
1278
65535
65533
255
65277
1018
1275
510
65025
765
1286
4
764
255
65025
62977
64520
766
1534
513
1534
2
0
64512
64511
64511
63736
2823
65532
60446
4329
63492
1293
519
771
2
3
1023
516
2
65283
510
1534
65278
253
767
254
65029
1784
2
510
65279
1028
511
0
512
258
767
1276
64253
1533
1271
62725
1536
259
767
510
258
255
514
65019
1022
260
63229
65025
65022
1794
65283
1023
1282
64513
508
65531
1278
65282
65280
0
0
0
764
1
1281
60421
1506
3081
64015
1540
65280
65283
64515
65533
2
64512
1
65286
65531
61685
1037
510
64770
64767
64515
780
65025
1024
64000
65029
762
0
65280
65025
64772
259
2821
759
65025
4343
2035
65277
65275
509
764
254
65533
1023
1277
512
63486
65027
773
65279
65283
65534
65285
65534
1534
64772
250
65021
515
1
768
1279
259
2556
511
64768
3
523
64259
64257
0
0
65281
64769
513
772
65533
2556
65298
64267
64248
64510
1529
1
1278
1028
62972
65019
1028
2050
65282
65280
65280
65282
65279
65027
3584
65034
63234
1798
507
65021
65534
0
64768
3
65025
63997
1279
65273
1020
1
518
65280
65274
65021
65282
768
1285
3069
63997
520
260
65280
65280
65535
65026
64000
64007
256
64502
3327
65282
1020
513
768
514
1278
257
2815
63747
64507
64006
517
1022
65288
65031
255
760
1282
65284
63237
1791
271
65532
0
256
513
770
1028
1274
65032
1547
60147
63996
65019
64508
64767
64254
65023
64511
63222
65277
2805
3840
4610
64508
508
1546
1280
63498
505
64258
758
65527
263
512
1025
512
1024
0
65535
518
65018
1785
62738
64769
518
774
770
1282
1796
1288
6655
64540
56864
65012
61184
64234
4582
64238
63475
65266
4057
5389
64532
58889
61693
64765
0
64768
65024
65277
508
64266
3576
63723
14103
62966
62719
63235
62986
62728
64525
63235
65278
61446
64520
1263
59399
65527
62445
64264
64527
64518
65277
498
503
65016
62461
65288
65283
0
253
1795
768
2047
1293
3101
7684
250
756
65277
511
1017
765
1283
1276
517
59658
520
60155
1783
1285
62978
65534
515
2562
2554
1
63738
1286
64764
254
512
1022
65282
65028
65286
1777
4606
63022
1005
1549
1279
1021
64766
1278
64511
0
63512
2316
64243
1266
60654
63748
1522
62964
63477
236
64774
64518
63504
62727
257
0
65280
65281
65024
1791
1012
1290
63483
38
65533
251
2046
64769
65278
64261
65024
1027
2052
64513
60413
758
65278
511
64520
65271
777
62709
62462
2561
61944
63748
253
1025
65280
65025
261
65287
1038
63227
61176
59408
65248
5878
65021
2302
764
1272
2302
62464
1296
4312
64558
6386
1022
4
63740
3058
62207
2571
7924
56568
3084
2555
64511
64257
768
1534
1021
65026
236
1796
3344
54283
62214
63500
63745
63488
64003
65029
64512
64247
62465
62466
3090
1275
63232
62463
1294
64772
64769
1779
65267
21
60165
64259
2312
512
64256
64511
64259
62729
65292
60152
61436
63243
2045
767
3580
65285
1541
1
62724
2039
2830
59916
3791
5879
65280
2554
259
4603
62472
63448
1790
1005
9979
64018
265
768
256
1
3
63487
61940
4370
7662
5596
63740
62205
65023
774
64510
1282
767
63495
64766
64527
60910
65024
63992
65029
1527
65282
1548
61188
2061
2826
62978
251
65529
252
512
513
769
64256
5123
63477
759
1256
64254
64767
63237
65276
509
65274
245
3071
2036
3318
61711
1023
65046
61945
61694
65020
2569
59670
60418
58106
60924
1788
65286
64257
64256
64001
63743
63996
63485
4081
64271
14055
61435
64007
64523
65028
64003
259
776
767
242
760
1044
3
1529
4355
64514
766
2045
3594
1024
63750
1016
762
5
1
768
511
1793
2548
2808
63493
65045
2292
760
0
510
254
65282
64259
61956
1280
64755
64502
8964
5380
63488
65023
65284
1022
63996
65019
65035
1032
3581
766
1534
257
256
767
65026
65284
61705
243
4590
3864
60921
2825
248
65025
64256
65535
63230
5128
478
61676
65518
61457
2051
1792
2562
2050
1030
64261
2560
758
64497
513
2050
769
0
65024
65280
2556
1010
64270
63995
783
2565
1543
252
254
255
0
2050
240
61183
61958
61166
766
511
2300
63738
65022
63738
1796
1022
64513
2565
65024
64512
65024
1536
1796
772
2558
1802
2559
1294
58892
61174
748
1
64766
1021
2045
1
3330
64990
64791
61917
58378
771
64002
1284
6
2047
509
258
64766
62208
1274
1279
1025
64512
64256
64767
63748
61932
64016
63499
58891
2058
65023
65290
1031
65028
63751
62730
1019
61425
2320
62751
5374
505
2046
64253
65278
63997
761
64512
65029
64003
65280
64513
64768
64768
64512
0
64775
1030
61441
63233
65276
64255
63476
757
756
253
65271
251
0
64231
5604
5670
62473
2
64520
514
256
0
1033
64768
514
1023
255
1535
512
65024
64767
64514
63230
62196
4091
992
59881
64776
64269
772
64515
65280
5
256
1282
63221
64509
4867
2042
8
64769
513
257
0
64517
1024
1279
258
768
65534
65280
2048
2049
1536
65280
3590
1279
2556
65280
1275
766
64256
6
779
4
1290
12
65012
264
746
1012
61945
64506
253
65533
254
1278
254
65534
65023
65535
65281
65281
64256
63743
63744
63744
61694
1527
2846
64475
64266
2833
1282
509
65273
766
259
64513
62968
63743
62720
62716
63755
1
2
65282
65280
0
65282
65280
1
65280
256
65282
512
0
1022
752
2301
62208
62980
64266
2302
64775
1788
65282
64773
64767
62976
258
64767
65017
63761
65277
514
65023
65535
65022
257
0
0
65282
0
0
65283
256
65024
65027
65279
64000
62977
64761
60895
5620
787
2808
64507
262
1024
1279
1531
63739
64258
514
3592
762
65533
63497
64768
510
64770
65281
0
65281
65025
65280
64768
256
256
258
765
3581
1271
65290
2300
63998
3066
1023
63999
511
65022
64511
257
65279
516
65279
65534
63230
65280
1795
513
1
766
256
256
512
255
256
512
65280
1280
1283
770
3584
1792
3315
6148
2309
64282
61699
509
63233
65028
4
64774
762
65026
65285
65532
1787
63226
1024
65280
255
65026
65280
65280
65281
65025
65280
64769
0
64768
64769
65279
64519
61437
281
64025
4874
5109
1019
2306
2559
1277
256
65533
768
1025
766
3
768
1019
507
511
511
767
0
511
511
256
511
256
512
0
65280
511
1291
2054
65535
64766
1277
760
64510
64513
65019
64768
509
762
511
1028
65278
3
513
514
64768
65280
65281
255
65281
255
65535
0
256
255
0
65280
65535
65026
65279
61683
3313
60132
60475
1285
2054
772
260
1024
65026
260
65024
1282
256
513
511
1
256
256
0
511
254
1
1
0
0
1
0
768
512
0
63235
2565
64762
1280
3090
506
64260
65025
259
64772
513
65282
65283
764
1796
262
65030
65279
64767
65280
65280
0
1
65535
65280
65280
65280
65280
65280
64768
64512
64512
65035
62978
64510
8725
57344
5375
2295
763
65020
765
65534
65278
253
771
764
1277
65534
512
515
513
256
0
65534
1023
512
513
256
513
256
256
65281
766
65526
2304
63237
62732
65285
761
1027
65280
257
65025
766
767
1023
1027
513
65535
1
65278
511
255
255
512
255
65023
65535
65281
65281
65025
0
0
1
512
63489
63232
2049
61431
62982
2050
65282
1
0
512
65026
257
258
1283
764
65535
65535
766
65280
255
1
511
514
65281
65025
511
255
65279
256
0
65280
254
513
65535
65026
64770
65025
63740
64513
3
259
1
1
65281
257
65282
65533
512
1022
513
64513
65535
0
65025
65024
2
0
65282
65024
65279
65280
65280
65280
64769
65535
65025
771
65534
507
256
511
512
65281
65281
2
257
513
512
511
1028
65535
64512
64771
255
65534
65280
65026
256
3
256
511
65281
0
256
256
256
256
65279
64513
768
508
253
1026
513
65535
0
65279
65022
64770
1021
65282
1536
65283
65027
65282
512
259
509
1791
0
65282
65278
771
511
511
256
511
2
255
257
2042
64260
1536
260
4
65025
65282
2
65024
256
2
64768
64262
1795
64012
64253
65284
774
2
6
64253
65020
65278
761
64255
511
0
65024
65025
64513
64514
64772
62467
65004
1795
65529
771
64000
64507
65533
63993
62197
1250
8189
1280
5380
60425
64024
59902
4095
3341
2819
2314
4613
2319
62484
64256
60936
61700
768
515
1538
2569
60683
55777
49117
14879
2808
2072
3587
65023
64774
64256
62985
4362
60947
4581
61458
5891
6626
57093
1806
2067
4613
65531
62710
4103
4868
4375
5378
4862
256
65279
505
4097
62463
64774
63039
4029
61208
62992
3074
65533
1535
64009
64526
4099
5623
2841
1794
63500
62984
61955
2538
3572
3312
65028
3069
488
55036
57864
61952
64261
64000
64255
63999
62972
1810
64763
2552
2277
1276
63743
762
776
64766
62454
61421
1279
4106
61709
4590
2572
284
65526
64265
61443
65025
2050
64758
62981
65526
61967
2312
1791
65280
65027
1021
63486
749
6421
8962
65232
64503
1006
65019
773
64762
2555
4606
63987
62717
1284
1293
2808
5641
766
64767
65271
3317
65013
1796
65535
5885
57830
65295
65280
1024
768
769
2305
503
248
62964
64734
63746
511
63486
520
2042
62471
65294
1029
3842
1782
1518
2039
63738
63246
1788
62210
4103
62203
6
65016
62986
2304
63483
65283
512
769
258
65279
62697
5635
1273
3851
60431
62462
7
62980
518
64259
60422
1538
63005
2310
61671
2312
5627
59138
1550
1266
2288
3614
58603
3848
2820
252
511
1024
64000
64257
65276
62724
58320
60415
60148
65048
2804
65533
4
2299
1277
254
747
1030
64513
64240
61745
60160
65266
61438
504
1260
65034
63237
2583
1280
60901
62742
253
2
512
1023
1280
1797
55258
516
3345
63726
62719
64764
764
757
508
2813
65289
1022
61705
59880
28928
8475
59147
2303
64256
2306
4096
60408
63744
63752
60904
63486
3588
511
512
514
514
1282
55258
507
2810
55047
780
1812
64776
65028
1284
63750
18
62455
3354
7457
64707
4335
3819
5867
64018
3588
63990
1521
2578
760
64473
62958
3079
1537
768
1024
1791
1532
53739
1788
64509
65035
2809
767
1533
2817
2043
2046
64500
4108
6899
4348
59722
55080
57628
524
3580
65032
63241
2860
59386
62215
58360
59381
59910
61438
63488
63744
64508
63740
52979
62972
65031
58359
64767
65278
63744
62712
64511
61950
61686
62481
60700
60395
24103
7700
6666
528
1267
509
60419
65284
3843
2305
1794
1040
1545
2050
1792
1281
3073
2299
56069
1797
4864
2308
65270
65535
1793
262
512
1543
4373
4098
4104
4896
5081
64488
63732
7415
508
1278
260
6140
62209
6130
61439
64530
63744
65022
0
253
250
65271
55818
63231
61439
499
2591
248
255
0
1539
64513
63484
65029
65283
5812
58923
59428
536
64778
62987
63491
61970
60957
1516
62222
64263
62205
258
3
512
768
65535
771
58401
519
61955
763
3320
252
64256
64005
0
1540
64775
63765
2311
52
1237
63225
3061
2289
2294
1787
63481
1258
2569
62214
64773
3572
3585
2304
65024
253
64508
1016
63256
517
63227
1812
3853
64012
64771
65029
65021
64766
1790
61186
4848
64522
62736
62233
64259
64509
61948
63235
498
4597
1021
62962
62204
64264
61700
63234
64768
65279
64765
64260
2589
65285
1299
2063
65509
765
764
65023
7
507
64510
63993
57602
61424
9461
2281
9745
3082
4872
1272
58133
777
6394
3831
1789
1524
1282
2049
1280
1278
1021
1539
8202
3842
5903
1029
1282
6
264
260
65533
1549
64775
4091
7169
12058
56584
64258
49887
62463
63987
59664
64483
64502
1533
64250
1539
64774
510
64256
64256
64511
63236
62983
5376
63220
62718
785
261
3064
248
65018
65532
65012
3063
62457
60902
969
13651
65292
60451
1024
1287
5637
58128
63770
62454
4101
56588
62722
65029
65023
64256
64000
63235
61949
3829
65279
64491
63480
64777
63499
64509
65028
65278
64771
63742
65029
59132
57379
16597
3294
14084
6913
256
1530
4356
1521
63504
64264
64002
2047
3836
2559
1280
1281
513
261
6375
1022
6134
56081
8694
1273
65533
2052
2049
1028
1021
5631
3078
3856
60355
64249
2779
238
272
64512
61421
62978
63230
63480
63224
63989
63749
64512
65280
65024
64768
64768
63199
513
65530
7
2045
1533
65028
3
64508
65277
770
1025
4862
1024
50938
58888
60404
64509
500
762
62990
60946
249
65267
1539
247
3
65282
0
0
65282
511
60132
62728
57363
57317
8426
65029
3069
761
65280
65273
64764
1530
60897
60145
286
773
63752
2562
265
65297
2552
2546
64770
64759
2055
65277
64769
2
768
768
5
2550
58621
1792
62969
61957
63997
63749
2053
65281
513
5
764
262
62218
2831
65019
65269
64495
65533
3586
3078
64773
1807
62975
766
65288
64253
765
65280
62976
62975
62464
63741
61680
61439
65009
65254
7151
3590
259
1536
511
65019
770
507
60164
1277
62995
1805
65279
63238
65280
772
1276
508
517
2308
65022
259
63748
65280
2048
2303
1537
3844
63240
2554
11005
204
61417
248
64254
64761
65533
254
3
2553
64768
60164
5366
6128
1023
782
251
2050
64516
2564
64256
265
1014
64260
65284
65025
256
509
1
64768
63996
1291
781
754
508
1539
773
1032
1027
263
6
1541
64521
3081
65020
761
60673
64004
260
64766
64512
64771
1021
64517
64521
65020
1027
1279
256
2
2
7
64525
60660
61202
14575
65008
63222
65276
65017
65020
763
65275
1015
3821
249
63242
65312
1539
62466
64255
1533
768
65271
64769
63734
62983
1021
511
65281
64768
64256
64258
63228
63483
2307
2
1279
65278
65028
255
260
769
264
1796
767
64014
6400
1523
62970
259
64260
64256
64769
65282
6
65272
1524
62462
252
514
1
768
513
1278
260
4098
63240
1746
9513
59628
62981
63997
509
65024
2554
63999
5
6364
6449
53767
3880
63471
64523
259
62216
65033
63736
64508
2556
64256
63741
772
64768
64512
64769
64767
63748
61690
3593
1813
1274
62464
64256
65284
65276
65280
771
65283
64269
63753
64777
5135
8945
4323
1272
3839
1024
2815
504
64772
65030
2045
2293
1544
512
512
1279
771
764
63216
63992
64516
1037
64262
1535
515
1
768
1
65026
773
2044
61693
2821
64248
255
64510
65283
65280
247
64009
65276
764
1041
4
64768
65535
65280
65025
258
64766
57840
4
2300
3084
1791
764
65026
65281
64515
259
3
4093
63218
2834
1277
65029
64525
506
1535
255
62728
775
256
65027
65281
65016
64520
65281
65280
64768
1
64769
60151
259
65029
2
765
250
65280
0
510
1023
1277
63986
63237
2815
64775
2293
65029
64518
6
514
1280
258
765
65029
64765
64775
2045
1535
768
766
1282
1027
62982
766
258
63743
65285
64766
2
2
770
511
514
2309
262
64770
63998
2039
63738
63736
506
1024
65021
64261
64000
63479
2042
65524
257
65282
65280
65024
65280
64256
60689
1538
517
62716
65535
65280
1
65276
64505
258
62208
1789
5869
1791
64525
0
64263
62724
64769
265
64005
2305
1031
65279
2576
64757
65277
65023
0
65282
65280
65277
11
65533
3324
58885
64003
65029
65277
65285
269
1024
1535
1017
7944
3844
63235
64777
65273
65277
63740
62727
2820
2305
1529
1532
63230
64502
263
256
64768
64257
65028
65528
2565
64266
1024
58873
63237
62983
62452
65030
64509
64244
250
491
2033
63456
3071
4867
11
65034
505
63999
64509
749
1786
3
65527
1789
1531
2815
768
769
1284
65021
1033
1020
4862
53017
4350
3827
1275
1793
2819
1283
2568
4608
6907
12263
6417
54216
65261
63726
62206
65524
65032
2033
61947
62982
2284
59396
63986
63744
64512
65023
65273
62970
247
63236
62452
62217
62471
64512
65032
2
63491
63738
61954
63999
1
64018
6119
62753
64265
525
65287
1534
64520
2322
64511
1032
2060
7408
765
63488
256
512
2
1282
2061
511
61947
989
5376
64503
2567
1523
1028
65022
6148
7706
6414
56565
60417
5103
65024
58630
3068
1530
62969
252
2055
4348
4582
64015
2815
1281
0
65282
65280
1268
501
523
3077
63471
61180
763
260
64513
65278
64258
63997
62199
258
1558
4876
63744
4861
6660
62212
64772
265
1016
516
62729
2313
2546
65272
64768
256
0
0
256
765
65007
63732
5373
7674
3605
63237
519
64264
1276
776
65294
61424
6168
57064
1561
62451
64789
65278
63226
64272
2019
58637
10495
58095
2064
765
766
0
65024
65533
2053
62210
3599
2062
9460
63470
65275
64760
64505
65276
64260
248
259
64011
5355
57359
1012
64512
2036
775
64005
1534
61947
1809
64247
64757
1776
65282
1534
512
1
1023
1278
1536
63993
1013
63237
64506
519
2055
780
4
251
64512
62461
59117
6634
11829
60704
64496
6652
64508
2037
64784
57070
3052
25
61417
64507
63743
64255
0
65281
258
62980
60930
4343
64268
4143
3309
64500
503
1015
64765
771
257
9
63758
61687
4846
2293
63241
65280
3324
2561
252
61183
63747
495
520
1020
1020
768
768
1023
3
1030
3077
64266
64012
3331
62978
779
770
65287
774
63753
777
65024
60428
65523
1271
60667
1014
1775
64503
2033
3310
1281
3332
5373
60920
61449
64514
64768
64256
64257
63490
63998
62723
1014
242
64291
205
61946
64254
1277
64508
500
64755
65523
59396
58398
57088
273
62483
62985
4
267
64775
64006
7
1534
63487
2809
1533
2047
256
1020
764
64507
3065
62467
63734
1026
62729
64768
64777
2
1540
513
5
1793
58897
1526
59412
61938
64013
63492
4
64764
64513
64526
513
65017
255
62699
65281
64256
65024
254
64001
65029
63756
2304
1040
55796
1997
5
2551
64250
62973
65533
2562
3308
56564
63511
11004
64497
62727
1029
65021
65277
64258
3573
2812
513
61449
4608
64521
64768
768
767
767
2801
1264
64776
2054
61705
62472
64518
509
3
1798
511
266
520
60952
62225
4076
2552
65283
265
514
1
1027
64523
65039
1278
65018
1797
64001
510
64256
64770
64258
62725
62977
63224
59383
63476
2784
7162
265
2042
1
2298
511
2551
62230
2275
65300
63474
257
505
1027
255
65015
3
6391
61437
62469
64019
1787
1024
1024
1536
1275
4355
64500
3085
6136
226
60407
64505
62978
64511
64257
64520
506
64780
65289
64774
64250
63488
64512
64767
509
65274
64767
252
1
2056
61950
61948
768
65025
65280
65280
65283
1023
7
64754
1017
60406
65016
1275
2557
2312
1029
764
1021
1795
64532
65037
62713
771
514
64257
65282
0
2044
64778
65284
3317
250
1283
261
64769
256
65535
1537
64516
61430
2565
64535
14584
62947
61430
252
65530
64765
64516
63747
63992
63738
764
2832
1286
64512
6
64511
257
64262
1286
2561
62982
64519
1537
10
255
256
0
65282
519
773
62716
62723
3313
260
1025
255
63490
1
64514
65022
65021
763
64774
3826
3326
1284
2047
64514
4
1792
64765
253
1271
0
65293
777
1279
65280
65281
513
65279
60670
3838
749
12068
58336
63769
264
514
65023
1790
64766
1541
780
2042
1525
1530
63995
760
65027
761
65275
61942
245
61957
63741
1016
5
1281
512
1024
1788
64257
1539
62977
64761
1542
65289
63498
775
1021
770
516
511
512
2557
64259
64255
1542
64252
65277
64251
64507
63746
2557
64767
258
2295
3
62977
64256
256
257
1278
261
62724
3840
7448
59953
57300
3835
65017
1025
1018
3
1282
64772
2815
1776
59148
1029
1032
65530
1024
778
257
61952
65020
4091
513
508
767
1024
65280
4
64510
243
65276
62471
59399
62225
2569
1026
64509
2
64515
65030
64264
0
249
64253
3852
2311
65284
765
64517
256
1025
770
64513
62975
253
1025
65024
64768
65024
64516
515
64518
61967
1026
59398
56584
61676
736
2800
1530
1783
1014
2299
64771
2299
11
1516
64500
1022
1278
1019
1282
1281
1536
64266
509
246
2820
2304
1537
65024
64766
65272
2039
63980
65022
63462
50432
62486
63498
64526
64776
64519
63750
64773
63495
1
65532
3
64776
63489
64261
63749
64772
64769
257
521
258
65282
63751
63234
63999
512
513
65283
256
520
754
3844
63488
2048
65272
65533
65273
253
768
765
766
1277
1289
64494
0
508
1535
65275
1536
65282
64770
2309
3
514
2557
2303
1791
0
511
768
64771
61936
17
5911
61878
59143
64017
65030
3
65024
65024
4
65280
1280
2814
59402
62973
65030
65021
65534
65278
258
64770
65022
253
503
64517
64769
64769
65024
65535
64258
260
263
63221
62201
65264
2812
64251
765
510
512
508
65534
252
763
64251
3846
1791
65282
65281
515
1
1281
767
1026
513
513
65280
254
256
65280
65535
64770
65020
60143
3322
59641
10458
60954
4355
511
64774
65282
773
513
64257
65028
64518
1263
1279
65277
65282
65534
65534
256
1275
65281
0
254
511
0
257
1024
1278
1277
3
1535
65535
1539
504
2044
1027
65020
509
1
254
255
256
1280
1788
63233
64519
64512
1
515
65026
64768
510
65024
65023
64768
64772
65278
65024
65280
511
65024
65279
63746
0
512
1792
64521
64772
511
259
257
1
65534
65027
1284
4
64509
253
65282
1276
767
766
514
260
258
1023
64003
64767
1280
767
0
256
257
255
764
64513
65025
1027
506
64253
1023
256
65021
65533
64771
0
65529
65530
262
764
0
65285
64768
65026
64770
1
766
65279
255
65018
257
1
0
0
512
258
65021
1
513
2042
1026
65278
2
256
1
258
514
2
64767
260
65525
2555
764
2
256
515
768
64259
1284
2045
768
65022
253
65280
768
1024
1538
1280
511
770
2054
515
65286
765
1028
511
509
267
65282
64507
64519
244
2800
521
1274
64518
1789
65282
64249
63755
63735
7
3581
61452
63246
63999
512
513
1024
257
65277
1029
525
5
64011
63741
15
1016
64010
62457
63732
2290
6660
63279
59639
55282
5673
58612
58382
64262
65018
5895
760
61956
3303
62521
4099
1280
65024
0
64518
62716
61456
490
65034
63275
4364
506
65284
63999
65020
65284
780
1795
1275
4352
55804
61700
63267
61458
4608
5639
62995
8704
64746
3338
12527
60678
65289
1532
1024
1535
65283
63483
63498
1289
4627
63001
2301
1792
1544
2561
4601
3591
65304
64775
4377
63216
1823
62230
62475
3858
63237
3076
4596
270
65035
2801
60148
60147
60169
65533
63232
62721
63226
64255
63234
62988
54795
56602
1264
749
1272
63235
62725
1506
1016
2811
65269
59663
64490
64782
62978
65023
2814
518
64257
62985
63992
2313
65025
65015
2317
513
65280
252
63996
63746
769
765
63462
60638
2558
4872
521
773
515
63482
64253
1283
64511
772
3831
2827
63256
62727
2048
62465
65025
63229
1789
63479
62453
60923
65290
63746
0
259
257
64262
61708
1045
60709
63640
232
11496
746
2805
2042
3558
5
2829
64767
2807
4593
1533
2044
764
771
1791
2292
65297
63222
1799
62481
2316
63234
256
2560
2816
4095
3068
4593
6899
17632
37711
61196
63749
61693
64522
63490
2829
63490
63758
1554
5386
57348
63727
65529
65277
61442
65532
1812
62717
64264
1284
62973
61963
64524
65535
61440
61698
61186
60668
59138
55796
42484
32247
8453
62478
249
3846
516
64761
65524
2049
64769
62704
6132
529
518
1805
2311
1032
64782
2814
5132
64758
4838
257
523
1025
4352
4354
4868
5120
4098
9237
20538
38552
60131
56589
63227
65529
508
62197
1029
4614
65033
526
501
2802
64761
1787
65279
504
64509
65272
2574
3837
1812
64254
64000
64512
62208
62205
63225
61694
64503
58593
54441
5481
536
3613
65050
3080
11
63489
271
64512
65528
761
60433
65301
22
64011
62978
63247
62989
62465
1810
62991
64264
3322
519
65024
512
260
512
15
63759
2331
591
65420
63451
8393
2292
2278
498
3053
1269
1001
3324
63760
5878
1792
1272
2040
1792
2812
64753
1525
7691
2300
1799
4093
2816
3071
1280
1020
1277
2802
3300
3055
6838
60780
63024
60669
64273
256
64778
269
65291
2314
64264
1288
61455
62994
62465
63232
63746
62972
64761
9
1023
62463
60411
62721
63747
63230
64512
64260
63492
63493
531
59150
52532
25770
7144
65284
3578
1261
759
1537
1790
2053
2556
777
4097
2570
63997
65535
3578
1283
1529
64253
5378
4862
2054
64509
2
769
1280
1024
2045
1536
507
7667
18660
44072
56321
791
64256
63232
63233
64013
62974
64495
63501
3320
65020
64777
1802
64773
64769
65028
64242
509
61204
769
63984
3584
259
1023
62976
63742
62460
62208
61431
56072
43781
25866
5130
5105
3320
246
2302
261
2045
2549
2552
5618
64514
16
63991
250
761
1284
64248
510
65024
1268
4088
64517
64773
64768
4352
4353
5634
5642
5904
10499
23582
39911
58859
57082
62196
60664
63739
60422
509
2052
62723
65273
3323
2311
1786
1020
256
2046
65276
65022
1284
267
3334
1271
65531
1023
61440
61438
61951
60410
56561
58613
42963
16442
5653
4633
781
64273
8
62472
6
61967
5885
3577
61958
65024
3323
513
64514
1287
64513
63489
1283
63230
60925
2297
1026
65024
3072
3075
3588
4353
6920
6669
17465
45507
60393
2276
63990
62982
63991
62703
65276
65270
506
62197
2298
777
64759
768
511
256
63993
1019
1793
1780
1256
517
63241
1279
62208
61951
61185
61948
62206
58854
51401
17458
6163
3
65287
3090
1543
64239
519
764
259
65279
1283
63743
11
512
517
515
65023
763
2322
65027
3074
64507
63740
62978
3072
3328
1796
2306
3581
7197
13380
52125
61922
64001
65019
2295
501
1002
1792
2053
65022
2
64515
1541
1279
510
506
508
64512
64510
6159
64773
63252
770
1028
1278
62976
62462
62971
62457
237
59625
53432
7493
1317
2075
526
1544
64011
2029
64268
64277
64260
62985
1268
7
1286
65026
64011
65283
64266
65033
3600
64767
62708
255
65534
513
2560
2053
2565
3596
1051
4365
10569
58278
231
63972
2286
1255
1523
3289
1016
64506
3824
2807
1798
768
65271
253
3325
759
2305
65018
3849
2553
4336
259
514
256
62976
62462
63739
63734
59882
64749
57023
11327
64534
60185
65294
64010
8
1779
63752
63486
63758
64527
771
65291
64781
64773
770
65286
64521
64775
62217
65027
521
65015
65023
65023
1024
770
1284
2305
3583
64786
823
5524
1774
244
1270
64499
1271
8441
765
1273
64503
1015
64510
253
2817
65282
504
65280
64516
1520
1797
64511
1019
1797
64773
512
768
1022
766
761
1530
3047
9920
58188
58390
5904
65038
62474
64272
787
62978
61702
3
62980
2566
65286
762
65535
64768
65031
63495
64765
3602
511
64259
62969
65535
64769
63744
63999
64005
62726
61191
58128
46890
30926
11511
3800
2289
1017
1274
63740
2803
3309
1536
3327
65531
1793
63741
64768
65020
65534
62207
2052
65026
763
1274
3082
1792
1792
3840
4352
4864
4099
4099
8184
25332
47127
56066
57103
61186
61702
63998
60160
64517
2574
61945
61182
768
511
65286
65027
64001
64769
62468
65280
1787
513
1288
62972
64514
64511
61440
61439
61949
61435
58603
57857
43495
31277
7948
3622
1291
270
520
65020
521
64528
1280
1539
64249
64001
514
253
65027
64512
64510
64001
2046
772
61951
2817
769
1
4096
3840
3847
6403
10248
5396
20275
48619
56561
1255
64757
63737
64760
64499
252
63985
2
62467
2298
1539
65530
763
1539
509
64761
2304
4355
64768
1785
63751
1023
256
61952
61953
61436
61435
58623
59117
48824
26985
5898
765
2827
1040
2310
1800
1033
3339
64769
3333
61692
64003
62470
63493
65283
65284
1012
63741
64013
64766
62978
1030
65535
65024
2048
2050
1792
2055
2052
5669
11859
54431
62939
60643
64752
251
64758
768
65271
61176
1782
63475
5892
1539
3841
2559
3326
2300
6395
1023
3582
7
2567
65019
1025
512
0
253
248
65530
1276
64992
692
60541
64288
62244
64275
21
65037
65044
262
1791
61456
64528
62201
64772
65279
63493
64769
63235
63250
64505
63495
1270
63999
514
257
65024
63488
62977
63236
62467
59652
64274
54835
14519
5858
6914
3064
3066
2553
1790
2301
9
4593
3573
63754
6
1014
1023
1275
64509
64241
2552
4096
64007
514
64764
1792
1535
2816
2558
3076
5118
7673
3587
11517
37886
55549
1026
63743
63231
63741
1538
63739
2551
58888
58875
6409
1806
65017
255
1538
1787
2022
60947
61454
251
755
63490
65281
64513
63488
63232
62209
62973
60420
62949
57294
13909
3623
4605
1544
523
522
1043
64007
60430
7682
4108
63198
2810
2036
770
514
2055
2345
65516
2800
1
2300
63483
65283
64768
1280
1280
769
1285
1790
1317
63051
7827
5358
64742
1269
2295
2555
1282
5114
6146
62962
64267
56325
1292
62966
64257
64773
61185
58878
4623
65028
63751
3089
64001
1787
255
512
1279
1277
2047
3083
65006
6865
47125
56347
58122
63223
60161
60927
61434
59895
54504
4850
503
63546
2337
64771
63738
65531
65272
4056
57100
62243
58625
53529
255
2307
1536
62720
62973
63487
60929
56585
519
60408
18184
9989
1560
2044
2559
1797
4354
2306
11025
56803
59414
16590
65531
2553
62462
64765
2055
2584
2557
59886
2303
62165
65025
65282
64004
2816
3843
2562
3595
4612
2065
3117
60077
228
2819
243
1529
1791
1020
762
264
12819
16148
53738
61934
64771
63482
63998
62466
58644
64502
2046
4587
7915
61450
1282
1025
64256
64768
64507
65276
63738
7150
6359
58199
59912
63494
63238
63238
64257
62723
63231
1276
62680
60907
3928
64798
6158
265
61701
64012
63977
65053
63480
59153
64017
5104
64259
64511
62976
63233
63229
63489
63984
55822
45348
29387
7174
2532
1536
770
513
2
5
62723
64796
533
21191
2558
9963
5117
3318
5871
9463
510
2545
60928
58623
1027
2814
1792
5888
5891
6658
6404
6937
12024
28675
34023
58356
62963
63489
63743
3
1528
1541
5383
1531
8701
49383
61448
59116
60920
64760
63239
61977
63470
62194
3855
62958
65274
64512
65026
60416
60158
60671
59380
54768
58365
45525
19297
8465
2571
268
65027
65029
64509
63232
59391
757
220
6472
270
62989
64771
65281
4
58882
1035
1794
65282
1015
62727
65020
0
2304
2561
2568
3589
10005
65295
8763
59046
60636
65017
1011
65011
505
64247
65269
756
61697
61180
12245
5117
1029
2813
3067
2293
6394
256
64513
3325
65284
64764
771
511
65280
511
65020
1024
62708
4077
1741
62795
284
61724
65291
9
266
1550
525
2833
4619
3350
56013
59903
64518
257
2049
258
4627
61944
2038
60672
492
65294
65023
64512
64000
64252
63484
65017
1273
59405
57372
6371
1271
2560
2300
1019
65532
754
65014
65007
1015
4834
58462
63256
1029
62979
2
248
59128
6914
65282
4099
2822
65033
258
65025
1536
1537
1283
1284
63256
4077
5371
57321
239
64751
65025
65284
64771
64255
64766
63240
60669
54019
19432
6927
2558
4350
3078
3577
244
7176
2301
258
2824
2809
1535
1534
512
255
769
64507
65254
2320
3071
3123
63761
65521
8
261
772
65035
3
772
2317
5938
54723
60163
64753
65263
65023
4
5892
59377
64514
64501
64270
253
64256
64513
256
1024
65286
779
3860
59388
60681
7402
2030
256
505
1021
251
1533
1277
4348
2280
2014
54599
62483
62729
777
61965
63232
60679
4864
515
63491
63488
1026
65024
65025
63744
64254
64250
64256
59390
5888
9967
53537
64274
64006
65534
65023
64001
65528
62205
63477
64521
60155
16138
1283
1534
1791
501
64514
486
63752
1792
524
65287
1795
513
513
2048
1791
2558
2560
6904
60174
57620
5400
2549
530
1790
516
1797
6
771
65037
62979
2295
3028
65273
248
765
2292
1793
5121
62461
63752
770
2
65532
510
0
64768
63494
3
63745
58906
3308
2295
777
1795
63736
65012
503
762
65282
1017
64765
1553
3577
61438
65038
61440
255
1275
65027
62218
3067
1534
1531
1279
64514
1
256
65280
261
65279
243
1498
31
3599
55298
62206
516
63746
64769
64005
1281
0
3340
60923
58366
2816
1026
64265
766
1527
65023
64761
64005
63749
65283
64511
1023
514
0
768
1794
771
2308
7712
63972
61935
62740
3851
63981
63748
262
258
250
255
64262
2045
64246
62197
64511
1279
1788
65022
512
257
64513
262
65532
1277
510
65024
65281
62976
63487
63483
62467
57606
2315
62990
61140
491
5367
1286
1535
2299
65281
767
65269
3319
64244
63755
64786
1795
4
65284
65284
13
1017
64764
2
64768
1534
256
767
2304
1788
2811
4348
4097
1014
5607
51462
63242
64010
63750
64261
64257
1804
4
776
64262
61718
3572
65021
63993
63737
510
65025
62719
65282
513
65534
65026
64515
64768
64768
64000
63233
64255
62720
60421
64763
59149
65251
65288
4875
4608
1787
1535
1784
1021
763
3846
1543
60670
511
65028
509
2304
764
259
64255
65269
2302
515
776
510
512
512
515
2046
509
1273
2
1795
55005
3570
62217
2038
65024
765
64252
65281
509
63749
65275
2806
64256
64520
1534
1533
1018
64768
2045
1029
64261
64246
64009
65283
65024
65280
768
510
64259
1279
247
61936
1013
65033
63232
501
767
1021
1798
65026
249
774
3854
62968
1
62720
766
2049
2047
261
63730
64521
64002
1542
65531
4
256
0
509
1023
514
509
6
3090
64701
64252
62467
63484
64515
65027
1537
1021
2821
64762
493
64778
63750
9
64769
65029
768
509
266
1046
64764
65280
65276
65279
65280
0
254
64769
1023
2303
64256
63730
2018
2579
503
63234
518
4
65279
65026
1034
779
773
1007
1788
64518
2306
1284
65280
246
265
4620
62205
1546
65269
64519
64769
0
65279
65284
765
64772
764
64766
8927
252
3064
64520
1280
256
65025
65282
64520
2804
254
63745
64260
64004
3325
65283
255
64256
64517
64001
4369
14
774
65275
256
1024
1281
3
65535
510
2821
8202
5603
63490
1022
64007
64514
65023
260
65280
64000
3
1021
521
5
2039
1035
65279
64508
63742
1794
65285
64505
64249
0
1536
1280
64256
64001
64508
64002
64504
65023
59120
18424
64013
2832
2308
1
770
1020
1
65529
64000
64000
64256
1019
65027
64766
65284
65283
500
2051
512
64507
2043
64004
65028
64256
1024
767
1022
1286
3582
2817
5907
5091
1790
62468
764
65535
510
64509
65279
64765
260
63752
1017
261
62723
2299
508
512
1029
64761
65016
2317
65284
64007
65282
256
256
256
511
771
65033
250
64755
9499
1530
65284
1534
1280
1024
65028
1026
770
63484
3846
62983
63234
268
65275
4
259
268
4
515
64254
62976
63751
2042
256
0
258
513
256
6
1801
2070
2546
64243
65530
251
252
253
257
510
65276
64764
62717
2555
65274
64763
1027
1031
764
770
770
62713
11
63748
63747
254
1023
0
256
255
254
507
63996
65015
63774
64520
1275
65278
65280
254
65281
256
1784
2307
2570
62451
64254
1020
62471
262
64000
768
1027
260
65534
60663
64510
767
65280
0
1
65535
256
773
64257
64260
2556
510
64508
65535
65534
258
8
64766
769
2550
495
64004
65039
2311
3070
769
507
64512
760
62973
64761
4852
64263
65025
65025
256
0
511
65280
65286
1283
260
63214
1021
518
65534
3
2
9
254
1026
65011
63750
3072
6
771
63484
764
1014
65019
65032
65022
2563
61667
2057
64517
513
63744
63998
64511
63999
61951
62707
61934
6913
267
63485
1538
63235
63736
63992
1789
263
63214
5145
56071
498
62466
60148
63726
2278
4326
7933
2834
56305
3317
12518
3581
2055
2304
2305
3333
1796
752
62510
13831
50677
3817
4069
7162
3583
4104
4618
1796
65280
8446
64006
5364
7946
994
64781
6
59390
64034
2296
2836
10988
55047
3049
2041
63222
65024
64512
62720
1028
64510
2029
4808
59408
57600
59403
61441
63229
62712
65525
61691
1521
56049
60392
63764
1290
59952
62222
294
3583
64768
62498
64013
55822
63990
53506
64259
2
64768
64513
64253
64511
63237
2810
61984
11530
63492
3579
500
1279
64506
65273
766
763
2315
6144
7918
62200
254
61954
2282
61168
3834
63231
1534
1045
59102
62981
63236
521
65024
65535
65022
64251
1284
1261
60166
7155
8206
2829
64517
64773
65284
64783
265
7162
59418
62471
8712
1030
65528
64498
8954
1024
9988
7647
56579
60196
279
11026
64765
65276
1792
2307
2812
2560
1033
2068
3334
12545
63483
62461
61944
64252
64761
2560
1536
63214
3591
1025
4623
62744
58095
60147
1017
3056
62972
61216
3112
6927
63499
8193
2038
3582
64256
64257
258
63492
64757
55787
63233
6172
64256
256
262
64259
63486
65026
2039
65283
1792
2549
61463
1266
1800
61457
5371
61949
265
61201
64780
5580
60447
3828
2821
64258
65024
64256
64772
65527
64000
3303
57346
20203
4890
251
65039
1540
767
1279
65287
63245
268
9465
4365
61977
58119
3054
63758
5906
3086
64789
2575
3084
61707
5132
1266
64507
0
65025
64513
2560
64000
8716
65296
9898
65263
2809
257
1792
65277
63740
64000
3077
60671
64742
2310
58890
65276
1806
1786
3337
4362
3602
62710
3331
59639
60195
64001
1279
512
255
255
256
3848
10022
8
56276
63210
502
1790
64764
65275
65023
65027
12
62980
65014
1532
63965
4329
232
64763
3593
784
3069
772
63734
5862
3338
776
772
2304
2562
2559
2818
2308
549
64517
55023
63481
63502
2045
65024
64513
252
65277
62708
3331
59915
63749
62979
261
509
63738
3062
63213
6400
65033
64276
59948
9707
243
1020
63488
63743
63486
62209
63241
51723
6902
54551
65036
2570
1786
1534
65279
65528
1034
5891
748
55564
3069
63772
1268
3079
59145
3569
4340
63221
239
59383
60683
2053
63991
3
512
1023
510
1024
62973
56547
5366
1597
2054
61445
63227
260
64521
64768
1535
1031
1025
63507
59406
4619
65009
3831
64245
65026
59655
502
1532
6900
58620
1806
762
510
63488
63743
63482
63227
63735
64969
59906
18469
1538
261
1026
64517
63233
65035
65028
14
64780
61693
65025
4120
3079
62190
65010
1524
63742
65025
64266
64527
63483
63240
64004
63999
768
768
1534
2300
2562
12517
63243
22233
2821
63988
64516
506
63745
251
1279
3310
61723
1808
506
63752
1532
64250
1277
63996
61716
65535
1282
64241
65530
59410
2814
1025
512
0
1030
1028
2305
9995
60687
9135
3064
3063
64258
766
14
64512
1289
59400
2016
6395
2052
63472
3323
4115
63995
2302
784
65279
1535
61443
65283
64241
64766
769
1536
1536
1285
1028
2057
7206
3349
48335
1010
753
65525
65533
64762
65015
248
64242
63995
61188
3308
4
63222
1540
65020
64008
62212
1026
65281
61940
1032
1543
256
65281
768
769
1025
2047
65278
63774
7669
45598
58880
65298
1804
64258
62221
517
64518
1302
1280
3847
61424
58377
65021
2054
3073
2305
65300
64504
63232
2303
1282
59905
65281
65280
0
260
65280
258
1532
54536
3829
58727
61715
62972
65284
64250
62211
64510
766
2027
1289
63995
60930
62734
1538
65282
3323
1287
1046
520
62723
3574
65529
63992
258
770
64000
63744
63998
65013
63230
53478
63220
6513
2319
19
265
1801
63496
64266
257
64248
1020
62973
2309
62992
1032
3568
64247
4
64777
1274
62715
279
64236
58124
1275
65535
64000
64254
64002
62976
62711
57298
61180
20288
4345
2038
2551
1282
64258
5
65030
64257
65017
769
0
509
2810
61942
64774
64003
65044
65531
62217
60931
2817
63478
64518
64257
0
0
1020
64761
1282
6636
60194
13790
64494
64759
513
64252
64252
762
507
65021
62456
507
63240
64510
62211
65283
1278
3073
65284
253
64004
762
64509
1788
2303
1027
768
768
1536
782
1016
6916
60677
60861
64249
3337
1543
1536
517
65023
1274
64512
2047
776
1287
1270
2293
65267
65025
1537
2055
256
1031
1020
3065
65532
65025
65023
1024
1279
1282
1287
3597
8232
7424
38600
1803
64754
65523
1277
251
65280
64514
1018
65279
64773
1283
63495
1288
1784
65276
2299
771
65530
768
3582
1542
65273
1284
1022
768
1282
769
3330
65283
65322
1526
38133
231
16
1533
65535
64261
769
2
64773
65276
768
64514
63226
65023
63990
5
65275
61700
1280
1790
2565
1018
514
253
64769
64512
65023
63746
64508
64001
56584
1787
42265
62729
65014
63740
760
63744
1022
511
253
65534
765
65534
62984
771
63495
63743
65284
252
65030
508
63743
65281
512
514
769
65280
65021
65535
65019
63993
60902
1016
45330
63769
62720
63236
64774
62728
65029
65534
64000
256
1283
2054
62974
63493
17
2816
523
63754
64261
63997
65288
63735
63490
510
65022
768
766
765
65282
1526
5086
268
50990
2568
63759
64271
64517
62464
7
518
65286
63484
1535
64510
61179
64253
2062
63234
2049
63754
65021
64516
65015
64496
64513
64773
64770
64000
64254
64510
63488
64518
5110
60662
64827
252
6391
2053
1283
1530
257
65535
64514
63491
63230
2051
1282
1281
2825
65022
1786
63233
1285
1795
1286
509
1535
65025
65023
1536
1536
1793
2565
1027
10003
1767
5917
64773
62968
2
63998
1535
64509
64505
64003
772
255
508
771
512
2307
4
1276
260
63746
65021
772
64770
1534
65282
65281
65280
254
65025
64766
1281
60953
2577
5919
20
518
764
769
10
510
65533
65026
510
255
2561
2045
65278
2557
769
2049
64265
1281
64769
1791
253
1285
766
1023
64768
64256
1
65282
63991
58605
770
12358
504
1547
1280
764
65026
770
768
512
64764
3
63236
64513
1020
1267
65532
2042
2563
64763
255
63482
2552
63750
65280
0
768
1278
769
1783
517
1783
63494
6731
65280
251
64762
3
260
64253
65278
64513
63481
65273
2823
64508
65025
64513
65024
1790
2044
64777
65026
514
2052
62966
0
0
256
770
262
9
2810
1034
65013
63820
63726
2299
254
509
64259
1534
767
252
64513
263
4084
252
506
65017
1023
2811
1282
3580
2303
2300
3073
2554
65282
511
256
511
768
1789
62473
62214
1810
49989
758
498
65531
506
1017
261
511
1282
64768
2048
63222
64766
512
1022
255
4353
513
65021
64006
65027
1538
2821
65021
65280
65280
65279
259
64260
2807
3313
64008
39497
2048
63486
63997
1025
773
65277
64771
63997
65024
2554
12
2817
63241
1023
64768
756
505
63744
1025
513
63733
1043
64768
512
512
769
766
1025
63499
1804
62458
33808
3070
2303
63994
1797
64524
6
64004
1539
62489
54272
1243
772
3843
756
4084
3836
254
3091
2576
64525
64263
61719
64765
63744
64000
64258
63230
59651
65528
62734
2039
34299
9196
63744
64245
515
64510
2813
1788
63234
63201
63208
64266
58891
61211
61969
63758
16
63250
2580
3591
2329
61706
753
3585
2559
256
767
1022
65273
64515
57602
65029
40434
55040
2031
64511
1021
63992
65275
514
60929
64768
59651
11263
65528
7176
2304
3069
65275
64518
59871
61717
3056
56567
3587
516
65027
65280
0
512
61956
1778
1746
1273
45825
65299
64529
63240
65531
64005
64513
63491
1
263
2079
64008
59661
2034
1795
62458
63749
2065
272
61204
65503
8405
65048
63746
65024
512
767
1533
2296
65027
9209
63485
60454
65317
3334
64514
64255
65281
65285
65022
2576
63732
1034
2336
2046
1021
14
508
1
2825
3837
5902
4340
3857
59892
255
63233
0
65282
65281
777
1533
5651
63479
10772
3819
16
2820
65284
1268
1542
774
767
64527
63248
3317
3055
62467
63497
2563
268
5391
63733
63492
59151
64536
6400
1783
2046
64768
65534
64514
506
9
64545
62469
11524
65530
64235
1015
505
1535
248
506
496
64253
1776
65300
61696
64776
1025
2302
63486
4092
65033
63237
4355
59383
62462
774
65280
65024
65024
65281
518
64764
59405
1022
60344
61689
771
769
65279
1534
64258
506
65025
1024
63221
525
65277
2311
1278
65529
1282
1531
1276
1529
64759
6659
65024
2304
1280
512
770
65275
63486
65287
62714
3086
48840
4875
65260
253
1278
3831
1284
65282
774
1787
5892
65505
65271
1541
65031
1793
506
507
64494
1270
1527
60165
61956
64767
65024
256
511
767
515
64504
64998
775
35063
65509
2817
1537
65280
2564
65283
65024
4081
60178
64257
2343
62193
65534
61442
62971
2822
63736
2065
62445
62480
64502
65034
1017
513
0
65279
767
770
3326
7666
65027
36343
62972
65282
64260
64262
64017
64505
63747
62980
64257
58352
496
4337
64755
1018
2308
1528
65270
65001
1021
5366
1530
65290
518
65281
512
255
1022
2049
65284
3344
64763
43471
63762
1797
2555
1021
2045
514
1280
1785
257
63750
2284
61953
63748
64250
63746
63496
63236
260
62467
64767
271
258
254
64767
64000
64256
63228
63480
63490
59395
744
59065
6426
63251
1538
774
2062
62978
63745
64518
65275
59649
2324
64759
1802
3079
65027
2813
63488
63492
2811
64251
61702
514
1023
1279
0
65535
65535
65530
64755
229
1532
16082
63242
60155
65532
64771
62723
1032
514
4353
5
58396
60156
62976
3322
524
1279
63998
259
505
65532
62976
62451
63999
1
65025
1536
1535
1792
2045
2057
2311
1280
31994
59886
61426
62977
64511
3
504
765
63481
65282
65294
64770
64518
62965
64264
509
257
766
65022
255
515
1019
64760
65025
65024
65280
65024
64516
64011
2045
64767
64515
19478
64263
4324
64254
1533
1284
64510
64251
2559
65535
1299
3068
239
60667
65280
518
1020
1786
1796
770
2310
1021
64508
254
0
256
511
767
3068
63745
4606
62733
62717
4344
4623
63500
64258
63485
64773
1017
63753
63492
4608
61436
65007
16
518
775
63997
64771
1790
1027
252
2307
63492
65023
65024
64768
64768
64260
63488
2564
293
63747
59358
6389
2560
1276
1020
1019
2304
2304
1273
1523
2811
2052
506
2299
1278
2554
3
1031
766
509
64511
63746
256
512
513
768
1279
1026
1278
61955
56849
2297
54998
58861
64271
3079
763
772
762
65534
2559
64260
2314
2042
766
65016
0
65020
65022
767
0
64769
764
2047
1028
1023
512
256
511
1278
62976
2814
62949
6925
49927
64280
57597
1796
65028
64770
64005
63745
62470
3581
1025
1033
1015
64000
65534
516
64519
64255
773
65280
65282
761
63481
1
65280
64512
65023
65275
65020
61952
65256
63230
56602
64776
1275
3327
7
1022
774
1277
65029
61191
62976
498
65534
65018
2562
65025
1271
270
57604
2037
63246
2796
2577
65276
0
512
1024
255
769
65024
3326
63741
62983
7922
65266
65271
64767
518
1530
767
508
770
65271
63476
64765
64512
65027
65533
64763
255
263
65532
2560
1020
65018
771
0
512
1
1025
768
1788
4609
1804
57587
59389
6909
62966
764
65023
64509
64509
65535
1275
4
1031
65279
770
517
0
64774
1
2566
65023
514
65535
2046
64254
65279
768
768
1538
1791
520
1550
1787
59891
3079
528
62208
65028
65022
64773
65280
64000
65283
8
64767
249
766
256
509
513
1025
64001
64768
514
65022
62978
258
65280
64512
64769
64257
63236
64774
62466
63482
55306
1801
2304
64764
1024
764
2045
764
1534
65532
255
506
768
1022
254
64768
65285
1792
1015
64764
64765
63493
64775
1021
768
0
0
65535
0
64507
63987
2574
53511
484
60425
10
64768
259
64766
254
64511
4
775
1790
248
65535
511
65280
510
65022
65022
510
1
65530
63996
65026
65025
256
1
256
1284
1281
512
64510
54532
61199
60653
768
1022
65278
3
257
1027
766
1280
251
65277
256
2
767
510
254
765
765
65281
513
1022
65279
256
64512
65024
64765
65018
1023
65013
61684
52973
259
267
1803
263
261
258
65283
64258
64264
64004
260
65532
2
259
64768
65535
764
64512
64512
64515
63746
765
65025
65025
0
257
509
65534
64255
64255
3069
59619
6414
1774
765
3
65282
513
65025
65028
64773
762
246
767
1025
257
1
1
65276
765
65535
65535
1275
65029
256
0
0
255
65535
64257
65023
526
64763
5855
61938
3587
768
255
65282
65277
65276
64514
1029
64767
1022
1281
1279
509
0
1537
512
1023
1279
256
1
253
0
0
1280
770
2048
1796
2041
1533
1284
7942
62474
64516
64510
64509
64001
65280
259
65279
514
767
64001
65278
65277
65279
511
512
255
257
65533
65279
65278
65279
65025
65280
65280
64770
514
65278
65281
1798
770
2096
65532
1026
1022
767
65534
770
258
513
252
1024
65021
251
65025
65284
256
2
1279
766
257
256
0
256
65280
0
256
1
1285
771
63741
62466
253
62491
2818
254
65282
257
511
254
765
1023
253
64510
254
65532
62982
1277
771
64262
767
1278
768
767
511
258
1
0
64000
64002
65529
62199
1025
63480
65280
3592
65284
769
3
65281
510
1
65280
254
64769
259
2
513
62471
64258
1018
64763
258
509
5
64517
65026
1025
65279
255
768
2047
65532
1787
63742
65022
63746
7664
518
65025
64766
256
65282
65283
65535
63740
764
1286
62203
3573
61188
2048
65286
64254
0
65265
2309
65024
61945
65028
257
256
65024
0
64769
64262
761
766
2049
4334
5119
1021
2
64254
65535
1787
65016
4360
64777
60146
244
4357
59944
62703
1527
62726
3314
510
2294
1004
12046
63257
61689
64002
512
1025
1028
63485
2315
3585
63228
8720
62443
63748
64258
64507
1273
767
64507
1537
8422
62228
6125
65269
292
65521
3337
64524
4612
3059
1540
11003
61944
59134
4107
1280
512
768
1019
249
1792
62973
60672
63035
64763
63487
65286
261
65286
63497
2
2808
63477
64497
1255
3586
64773
59649
2550
1032
4592
246
63999
62712
3857
1
1540
513
65024
64770
2
9
2803
63231
63750
5619
64516
65528
64519
1024
2048
2553
65026
62205
62457
4
60152
3049
233
64745
60918
62476
3578
65041
61951
761
65281
65532
3083
1023
768
510
768
1277
1788
65046
2315
64274
4102
2810
64257
521
516
1794
4
533
3855
3830
61935
2313
63996
65015
65291
1796
2559
65026
2036
2805
4104
2565
61175
64767
0
65024
65534
2052
64009
64511
64791
2059
59390
65527
1539
64253
2
64767
65019
1032
62692
1565
60653
4597
63228
65277
65530
2570
65003
514
62710
64500
5653
57350
3845
1025
64512
64253
64001
62468
1274
62722
3058
57886
2043
509
515
517
2054
5
1284
1543
795
62191
62946
60929
1281
63228
3333
1296
64000
65272
3587
2302
1277
1007
3
0
64768
64768
65021
64508
62723
61171
59913
6614
2813
766
249
64761
65021
65273
64767
501
736
3357
61698
64261
6149
1272
516
1043
1786
64008
248
760
64508
58881
3839
65025
1792
2559
1791
4610
1793
2301
4365
51196
3580
64005
64510
1282
65285
65029
259
1013
63239
5112
2816
65040
2041
760
65528
64771
63220
3347
2301
4343
4601
2803
2308
65280
65280
1
64767
64777
2553
1792
62963
11260
63005
64268
1534
7
2
767
3
764
1016
3329
63007
2811
62986
62208
1537
62485
65028
65001
512
497
65279
5
1788
256
768
514
257
260
1793
1813
2574
64260
63730
65528
64760
765
2304
1791
1280
2043
4604
65268
296
63753
1283
1012
63747
65046
2801
60180
62475
63984
507
511
1788
255
64512
64512
63997
249
62208
64001
64753
64262
61452
64263
63235
63236
63491
63746
63746
63230
62707
65036
57144
61946
2565
60934
497
63753
58103
11535
3861
65286
65024
2811
1534
1
512
511
1795
2824
516
2053
2329
58630
5846
65278
1027
2297
1026
1539
2301
1022
1292
3077
60189
7662
59147
64763
770
5399
5387
58089
61431
60402
63237
64522
3318
512
64000
64254
63998
62210
64507
4325
64738
64261
5143
61707
64773
64515
64004
64259
64515
61440
2295
63242
51988
57353
3580
61948
62203
4857
62447
6407
1284
2310
3577
62208
1790
259
1792
2303
1028
1282
2569
4105
62744
3820
2298
1274
1018
1534
1275
768
1279
771
64258
65515
57617
3593
760
64774
2057
1772
6661
62702
2296
1023
64518
249
2040
0
64768
65026
65280
766
61442
1265
3561
61692
60952
64774
64512
64004
64511
64252
64510
502
65525
262
55848
5367
64794
1043
1039
61427
56837
767
1773
2045
65533
1030
1023
65024
768
769
1538
2308
2046
59645
64787
22
60132
514
1021
65531
769
515
0
516
4872
64489
59673
62730
5613
778
2796
63745
5353
63250
2815
64770
64509
64770
1275
258
64256
64256
64255
63745
62722
63726
62955
64253
4607
527
262
514
518
259
773
64771
58877
6148
64025
7944
57346
62203
64771
64549
61460
3582
4102
64508
255
1280
65272
65535
256
257
1022
1531
3836
59155
62996
4830
994
65018
65019
762
65530
65276
65530
759
6399
62467
64276
58871
2063
2043
64768
4385
755
793
777
62979
64510
62210
1022
65280
256
65535
765
2556
61700
3083
4589
58861
2588
64267
517
64517
64515
63748
64520
62722
63493
2555
9767
64029
64240
1271
61949
7694
3090
2027
1033
2550
2298
509
771
0
768
1024
768
771
3072
61459
62218
13320
64262
765
64246
766
2302
2302
762
65529
1274
64257
11558
510
63776
62990
254
5355
4087
61192
61949
258
508
262
65532
64769
64256
64257
63231
62979
61697
6402
3337
56818
61955
3068
1026
64254
511
64509
255
63997
65031
64504
13841
56856
3589
61176
2822
222
65283
7941
3074
2300
3329
2050
2047
1280
512
765
1027
2300
3839
771
62195
65043
61936
64522
263
1282
1027
1286
261
518
1030
65287
6446
62711
2545
3828
63478
2009
3062
62970
62468
65282
1800
63996
65024
65279
65280
258
65021
65281
60931
7164
1019
62205
7936
65535
1789
64513
65026
64257
1
65279
254
63759
57627
5107
63204
63473
4356
8436
1531
64773
254
64258
64256
1794
65024
1
768
510
1027
1535
6144
64513
64255
4878
64534
65272
64005
1277
513
510
65024
65278
65534
3572
58864
5915
60167
1040
62200
3589
62456
65024
65535
65021
508
65533
768
0
64512
64257
62980
64768
60933
4086
62973
3319
61950
2295
3577
261
767
513
1023
65533
1531
62211
999
63731
61194
63733
1805
63761
2049
255
509
257
1535
1278
65281
1
1280
515
3073
5377
4343
259
11
60673
61935
63237
65284
65275
65020
65025
64764
65010
64757
2817
3065
62208
60175
65032
2544
63733
1027
1032
772
511
0
3
65534
0
64768
64514
64769
64007
61954
5098
65008
4138
1790
64513
65280
65288
65287
64513
2051
62971
64769
65276
2063
64503
64254
1021
64000
63246
64005
2294
514
1022
65535
257
65280
65280
64512
65279
65025
63478
2305
60939
58385
7911
5627
65281
2052
248
508
65533
65021
64256
510
64764
2557
518
3320
768
64768
62462
1023
65282
767
65025
64771
65025
768
256
512
514
769
65272
65031
1784
4609
62937
64781
63995
64498
1022
255
510
1276
1279
65533
1796
3829
1279
2296
64250
257
63232
1014
263
257
253
65023
1022
1
256
512
255
1019
2796
1524
60169
64510
65065
62733
262
7
64771
64771
65027
64260
65281
64261
63997
64496
1534
2307
65024
768
1534
64774
770
256
65026
65279
0
65535
65280
65280
256
64514
1794
64265
63225
62467
7936
512
1279
767
1025
1023
512
1278
1024
511
65535
749
64265
64769
65280
65533
2812
65281
774
65283
510
767
65024
1
65280
256
256
1280
1287
2301
8
2567
61429
65015
1018
1020
65022
252
254
256
254
64513
515
1283
65533
1543
65024
1028
1032
65279
65278
766
1
64768
255
512
256
65280
64768
764
514
511
65278
1269
62222
768
64766
64513
256
511
256
65021
1023
262
65531
2296
2313
8
65027
516
64779
65279
64259
65025
65279
65020
1
65024
0
65280
65535
65026
64514
64767
3
65024
64764
1285
507
249
65279
253
507
1533
3320
1793
2317
4876
60148
63224
65275
1279
62221
64506
2298
3837
775
63224
250
1790
1281
1024
257
516
63233
1539
254
6649
266
59896
65025
64504
764
1534
516
7
5115
63490
58639
3315
9745
58116
62181
6128
61707
63255
5109
5363
62723
1037
61963
65253
765
