0
0
0
0
0
0
0
0
0
0
0
0
0
0
0
0
0
0
0
0
0
0
0
0
0
0
0
0
0
0
0
0
0
0
0
0
0
0
0
0
0
0
0
0
0
0
0
0
0
0
0
0
0
0
0
0
0
0
0
0
0
0
0
0
0
0
0
0
0
0
0
0
0
0
0
0
0
0
0
0
0
0
0
0
0
0
0
0
0
0
0
0
0
0
0
0
0
0
0
0
0
0
0
0
0
0
0
0
0
0
0
0
0
0
0
0
0
0
0
0
0
0
0
0
0
0
0
0
0
0
0
0
0
0
0
0
0
0
0
0
0
0
0
0
0
0
0
0
0
0
0
0
0
0
0
0
0
0
0
0
0
0
0
0
0
0
0
0
0
0
0
0
0
0
0
0
0
0
0
0
0
0
0
0
0
0
0
0
0
0
0
0
0
0
0
0
0
0
0
0
0
0
0
0
0
0
0
0
0
0
0
0
0
0
0
0
0
0
0
0
0
0
0
0
0
0
0
0
0
0
0
0
0
0
0
0
0
0
0
0
0
0
0
0
0
0
0
0
0
0
0
0
0
0
0
0
0
0
0
0
0
0
0
0
0
0
0
0
0
0
0
0
0
0
0
0
0
0
0
0
0
0
0
0
0
0
0
0
0
0
0
0
0
0
0
0
0
0
0
0
0
0
0
0
0
0
0
0
0
0
0
0
0
0
0
0
0
0
0
0
0
0
0
0
0
0
0
0
0
0
0
0
0
0
0
0
0
0
0
0
0
0
0
0
0
0
0
0
0
0
0
0
0
0
0
0
0
0
0
0
0
0
0
0
0
0
0
0
0
0
0
0
0
0
0
0
0
0
0
0
0
0
0
0
0
0
0
0
0
0
0
0
0
0
0
0
0
0
0
0
0
0
0
0
0
0
0
0
0
0
0
0
0
0
0
0
0
0
0
0
0
0
0
0
0
0
0
0
0
0
0
0
0
0
0
0
0
0
0
0
0
0
0
0
0
0
0
0
0
0
0
0
0
0
0
0
0
0
0
0
0
0
0
0
0
0
0
0
0
0
0
0
0
0
0
0
0
0
0
0
0
0
0
0
0
0
0
0
0
0
0
0
0
0
0
0
0
0
0
0
0
0
0
0
0
0
0
0
0
0
0
0
0
0
0
0
0
0
0
0
0
0
0
0
0
0
0
0
0
0
0
0
0
0
0
0
0
0
0
0
0
0
0
0
0
0
0
0
0
0
0
0
0
0
0
0
0
0
0
0
0
0
0
0
0
0
0
0
0
0
0
0
0
0
0
0
0
0
0
0
0
0
0
0
0
0
0
0
0
0
0
0
0
0
0
0
0
0
0
0
0
0
0
0
0
0
0
0
0
0
0
0
0
0
0
0
0
0
0
0
0
0
0
0
0
0
0
0
0
0
0
0
0
0
0
0
0
0
0
0
0
0
0
0
0
0
0
0
0
0
0
0
0
0
0
0
0
0
0
0
0
0
0
0
0
0
0
0
0
0
0
0
0
0
0
0
0
0
0
0
0
0
0
0
0
0
0
0
0
0
0
0
0
0
0
0
0
0
0
0
0
0
0
0
0
0
0
0
0
0
0
0
0
0
0
0
0
0
0
0
0
0
0
0
0
0
0
0
0
0
0
0
0
0
0
0
17152
16531
14501
11188
6590
1731
36290
40891
44975
48031
49805
49926
48665
46123
42296
37696
67
4928
9528
13355
15897
17158
17037
15263
12207
8123
3522
34499
39358
43956
47269
49299
49920
38887
18212
5817
5810
33533
15404
37116
29555
53523
44033
1469
3757
32077
37922
16519
34755
49568
51278
10011
61062
4809
22683
37220
5011
34620
22192
880
18869
53903
43503
3993
0
0
0
0
0
0
0
0
0
0
0
0
0
0
0
0
0
0
0
0
0
0
0
0
0
0
0
0
0
0
0
0
0
23895
34643
54575
56050
36500
34275
51143
29615
36743
39715
36190
47587
14336
23259
32383
17219
40670
55852
38751
52963
53889
7139
45095
5039
59160
1500
53684
21490
35504
34740
648
17152
44465
45723
3144
63416
24811
34263
45499
35423
36840
30417
53026
14654
31991
48443
39038
17287
6280
1530
64528
49360
20452
53394
3871
35679
12595
48920
57371
36777
36030
34468
11690
3584
26776
36893
64321
19717
34969
56898
6293
54159
54500
41970
64457
48041
17396
35220
41863
52163
14779
25020
61232
47965
38668
50036
47030
52111
46714
34907
29934
52610
42978
38468
29722
49920
45354
46387
50308
52350
36106
45060
60019
57322
34456
38917
7587
4232
38506
54380
2997
17152
25853
43255
58642
47277
27302
13664
7133
24404
52137
21520
63810
39687
55645
51357
54537
34560
63639
42896
37292
40809
13155
61600
43301
63122
36813
52145
38947
24467
41403
4707
24862
17219
40825
40481
49931
228
38072
35265
54407
26507
28335
19307
46854
49028
30340
52139
47804
49920
42412
8914
11524
40152
4737
41866
48323
53742
54053
45248
34656
40868
42636
49486
34913
17152
15144
14993
5091
59556
57055
43476
10267
44207
42448
7333
36590
5336
34077
43663
1453
0
56621
38586
41094
48032
12827
37000
58533
54269
41411
54670
63829
19746
14600
43758
61631
17219
40440
42420
13204
52668
44058
37802
328
52127
37432
58752
64438
47938
11331
34263
64388
36352
62187
8614
57035
40326
58148
53985
59335
41979
39354
1778
46761
48140
45494
501
45848
36381
41193
58295
35679
43563
11876
37919
26955
40067
43263
53334
46016
50407
12372
52404
61337
0
37113
25086
42708
64261
39683
8269
64502
7307
40576
61994
33996
52969
29939
49030
15617
3584
52141
57417
47216
48764
29046
51775
35781
41866
1702
60308
18151
12892
65439
19436
48069
34560
49907
49398
37840
2409
10334
1428
59304
36785
17507
61193
64477
37507
55096
53841
21057
52171
58056
48322
3453
35321
33235
47075
54851
36650
46334
49580
36675
54431
43559
35518
41614
51968
33223
52173
42338
38688
41654
64409
45093
55783
143
4153
48843
8599
15777
63900
49320
24967
35984
57755
28499
61903
49329
8382
47105
55719
50578
59847
38578
46758
45322
46032
61435
17152
64252
6630
36815
40475
36782
56990
33527
38533
42896
40600
51700
40978
50244
44234
36086
34755
10774
56800
4319
16045
23678
54658
50210
2214
18955
8457
42007
64860
24548
688
11303
34560
33874
62537
22156
48183
55818
36768
12742
65213
63269
48890
41804
56103
36670
8028
60046
49987
37416
37980
60561
52614
48101
58862
39843
8098
17316
14438
55024
36391
41685
15939
19640
17152
11268
35500
47521
35404
55732
28115
42479
54562
45306
46498
35990
46685
54761
34555
5085
63232
55702
25323
37330
22225
18392
42447
33959
55017
42657
6826
19945
27066
56928
17765
57565
34560
63880
51088
31475
36784
24498
42096
11905
34466
64393
37904
63873
55197
25528
5582
30244
38542
3814
1166
5522
54243
54785
23303
39872
63448
26791
27094
26540
28904
53680
46060
63504
38400
53686
56831
49801
60390
34541
22977
47583
29757
40697
37744
38514
58633
5407
57913
59839
50137
7963
41970
32035
59635
13236
58938
64661
54433
15821
59057
43416
40791
50066
22773
23438
51968
14542
29829
43623
31428
4758
55584
3019
58530
43157
37789
41383
42763
39081
24799
35472
17181
39021
41808
45477
61658
57290
54014
36320
55017
48627
32884
50374
11117
49032
47492
42568
41984
6248
45516
48796
42909
52263
43493
35631
50142
59029
49915
38782
50878
34255
38771
39558
41998
54733
16262
41359
63294
40924
45295
41528
34213
43404
47564
42388
42848
53894
38408
6663
38400
20385
56392
44609
44626
37075
23682
50565
55956
44348
18603
6860
60592
56434
54147
16522
0
7332
43397
52953
41942
7165
55723
54055
57689
34452
2358
52615
65221
50840
27498
33056
55552
44948
46746
36708
3796
57747
60847
44968
38467
54018
15968
29171
18749
46494
59135
57713
203
27478
22481
55683
5574
33426
57890
25627
14677
63371
55957
10266
61040
33684
37892
61409
55552
37254
16966
51611
54666
54191
42387
53908
53913
61869
53665
8087
44213
15466
40871
9190
36584
29671
4800
59287
36359
49055
17654
9193
51841
41606
7345
35407
46068
39916
42281
20491
59392
42080
13772
50674
61071
9209
50342
42596
46046
24037
48174
6109
33790
48558
40297
11276
53924
4559
63877
6896
44524
48820
14087
47240
51621
57967
61836
42346
6306
36014
55437
25032
55296
42861
39865
40811
36249
13457
58142
46508
24205
36787
51853
4068
40141
39600
35316
36857
63471
30595
759
56403
52902
44622
26782
34907
32905
61104
54635
16079
56615
10852
31726
654
60928
45730
22396
65413
51144
35814
59343
42102
64349
37164
49298
34838
39789
38609
42709
52943
57697
44169
37596
60804
56225
36776
39142
26241
40000
24518
49278
65362
49605
13994
39991
61868
57600
52617
41121
42151
33727
17081
58056
41569
22441
5693
33051
24972
19779
33186
29471
19182
55716
38323
54728
33553
44274
48099
58399
63181
7827
50777
53996
56472
25518
60545
58036
62291
51968
35784
50622
39927
65209
40633
64235
10895
51612
52694
28371
62108
47864
11944
42709
53150
55716
33204
40112
37334
55760
27727
58611
49307
36515
49543
25812
41037
54226
39598
11161
63321
34560
57887
28954
33866
23478
44014
48515
43953
4166
62696
42714
29129
16035
38608
38379
52374
36494
63714
53871
16846
2219
43002
52356
23253
22072
59878
11081
42638
37693
37797
27006
57118
3584
52368
8576
47011
9686
29860
56709
52304
37587
65052
57552
62008
57827
42613
13635
29184
17234
56536
22294
47287
62905
29077
58873
50809
46668
53390
47861
47379
49082
37531
53471
48055
0
62409
41186
47833
64257
27533
49860
45813
48095
39482
35762
26517
24488
49846
16776
33623
3584
36042
51163
14399
63344
5289
45239
9104
32991
43077
47504
47277
42180
49062
55403
64387
51968
21844
25759
19091
40238
48537
16325
29260
47615
59046
33266
63203
37539
40664
5031
35096
203
51861
1275
15596
36484
34708
43145
1810
24985
56574
6048
34195
49810
63682
11923
21230
34560
56208
52893
63531
33447
44892
36377
27056
65372
4911
49654
218
51665
63503
54995
12757
52178
64236
36870
64516
35253
10731
36704
15422
40573
36678
64745
59591
36875
62579
42496
10179
47616
64460
46395
57707
39277
33439
55201
34231
22495
60101
56036
50056
36536
9561
47130
34949
17362
12202
33959
18139
38910
56727
45458
56255
46921
60619
22258
44184
33160
50696
56219
53031
7424
7352
45960
49499
59906
40414
44611
57014
55690
44435
29632
22899
32469
36590
27027
43410
34717
58997
45694
35796
55192
57577
5329
35013
55691
55036
40149
41443
44371
36113
57844
64561
0
44843
18105
42392
7120
61348
60912
56713
45975
44996
62691
58278
36777
46163
37098
39484
53977
37041
4785
62318
34815
41372
58380
34507
38457
33729
23998
30489
59200
39752
51006
17376
51968
51376
46303
45985
41880
14790
60840
24009
39936
59761
18018
43250
46597
14922
36377
9403
63367
19018
36288
32438
61239
38096
11656
38892
41728
49623
18791
62367
35559
44808
57537
49812
0
20622
13770
48990
1638
62098
46209
63470
44845
29121
28307
13974
34663
11162
7101
51951
34695
47522
36315
12941
39417
42630
12229
58054
60944
5051
50738
60078
43851
48026
45728
34713
3584
20937
39324
28124
31921
47065
47569
7889
64438
59601
44589
51338
60676
50835
676
20215
3584
49263
35257
34486
37808
15002
12978
38085
49141
35778
26831
53558
55807
56901
58113
33941
51968
39309
19844
45472
13268
21696
60983
14722
41941
46539
38821
6260
64997
15340
35768
18618
17152
62130
8394
42669
32173
38853
47630
40468
7382
36128
64298
45233
45965
44070
22844
45783
34560
51420
39386
52425
53990
45488
5260
63649
29679
26997
28597
36664
54192
39555
17096
54273
49987
61646
41099
1940
35776
42124
22477
33279
5103
30166
20694
33292
29913
62715
36754
36401
0
47176
59874
60760
30686
62180
38651
24898
1717
49571
65433
56814
47483
44125
38928
62995
135
61991
25292
19335
49187
50468
5110
13572
63350
40848
21486
33997
3978
45782
6204
18431
38400
28078
15094
63806
55477
36993
61121
63895
30209
63042
58948
43067
53876
41710
49046
56663
52171
52797
58470
53385
17290
20458
28148
12796
59484
42372
38818
33529
43783
42555
38504
38698
38400
56210
51649
52707
7736
58754
56526
48394
16078
59359
28051
61393
58705
7627
51375
47848
14990
48943
1153
47495
46478
37793
65498
29144
64335
55196
54338
43141
49890
9999
10730
11342
18688
57664
43102
34877
64944
25662
27174
46805
37179
32148
34759
37877
23219
27833
34278
38118
40192
55831
40623
62831
62905
51132
34891
37765
52930
45823
42421
48731
55680
17183
37694
56533
57600
53666
56719
61989
51953
53926
45514
49129
25992
60389
42138
44963
51129
48588
60956
65255
61378
30866
60076
49079
48064
48890
52260
26583
55240
61925
63156
36839
1204
16068
59896
63466
0
6366
14619
21971
52718
53216
62051
57273
56474
18390
11439
48889
170
22717
36838
43653
55663
38393
41431
16514
19410
52158
5387
48901
446
61128
59023
55065
7909
53397
41368
21240
34560
34255
36841
46583
57732
62410
24030
61094
52238
59963
64407
63704
15017
32945
38860
49571
40236
52702
42600
41620
23020
41448
8242
43538
35726
43403
40415
56057
51546
60385
48807
54752
51968
33345
21912
48803
37109
33742
41874
24559
55402
52378
8212
56781
34865
41169
65065
21426
59534
60683
48339
34693
35292
62069
31399
23797
56045
43726
41448
42280
64997
50577
33248
21411
49920
54350
54722
59287
3281
15090
42001
62052
42994
38151
2291
62121
60115
28635
5856
65148
38603
30458
29126
58251
32985
40525
23052
6773
62630
37636
3574
59077
7060
30709
57502
45151
51968
50677
60368
12657
31133
57019
22405
40588
38533
35060
44273
35480
1015
41908
47854
17419
24949
32222
45164
43707
56615
44226
35258
51151
55491
64154
14862
43935
43323
10706
46236
7971
38400
3211
13205
26085
38405
53632
57915
65280
49314
36380
59182
45275
42942
41904
35727
41451
51988
34334
41394
44942
1739
21060
14328
10659
23938
26017
30047
56513
14277
16309
8096
65470
51968
63835
35546
59170
44340
16288
57048
57484
15584
42175
55445
34461
35647
58009
51958
11006
34686
42378
8153
35611
61878
6694
21200
3551
40582
41142
47616
61883
46799
27882
48922
58241
38400
41089
45614
1005
52153
45972
13512
18340
42422
38277
39581
43700
12495
63052
12199
14256
63427
64327
59625
64888
918
35195
48551
55535
34330
65350
52398
45473
48157
63587
51415
22233
17152
47608
48283
51414
36068
39303
30918
41095
51933
4546
37049
60943
6487
60374
26345
14998
36547
39235
63169
40397
27405
41128
14807
49572
4288
49110
58006
2013
5791
40687
60269
60428
41984
23976
57739
42372
65015
55676
37951
47592
22666
59868
5135
14867
36868
36008
46680
1715
157
42645
30127
52290
21633
19569
15994
58207
23435
36859
51700
7783
55353
63143
56072
52711
55552
34702
3956
8984
54166
64999
24402
63286
54976
40593
13801
34535
44467
48615
45733
59585
59421
22412
61881
2997
62180
31692
47582
47020
21761
59176
4300
54138
51896
45239
3057
27170
51968
44159
64815
60074
35264
58909
55120
45487
41082
13525
42577
21939
39976
25177
6238
37533
52118
20442
42366
35405
43201
45973
42901
57834
41280
54912
42185
52905
49106
55419
49141
56039
51968
41581
37780
130
45101
20266
37009
23801
33215
46751
49974
56501
10394
47169
35675
40767
52110
37365
38779
46310
40065
55293
9887
56070
64191
38979
33620
55178
48588
57542
10249
35303
20992
32979
60244
50351
18401
53434
34192
58358
50667
2476
45259
59156
39575
34945
42144
43744
59542
35620
62672
49518
55961
38389
47254
47304
46634
15352
33012
44685
13274
36714
33375
53864
41984
10013
47050
63125
11300
43036
59062
41863
60580
37951
28599
12291
60295
31620
4532
51329
52200
48029
49105
9170
1516
5417
38042
22180
52922
41453
33958
4917
10987
44702
63959
44345
63232
41384
40074
56160
44184
9857
33019
48358
57138
52280
25501
62451
59788
41098
49084
57830
40259
21268
62026
36698
35063
56259
54695
57795
15019
51589
38898
3812
3538
15002
17875
51090
51968
59801
50855
61891
21052
53905
32932
40341
51529
11523
45122
43315
53368
45507
28050
45036
17152
63427
42760
58464
63648
37664
60434
42359
36531
57705
34839
33641
47445
41680
39253
61209
53760
6238
63628
62468
50410
25892
60880
19563
15232
18164
50828
59073
11222
21190
8687
39600
3779
57831
55245
58529
44097
41368
26256
27545
23260
14800
8183
60655
34876
42573
2244
8875
51968
52126
5592
9476
55972
15612
54740
22698
65044
61061
36459
11679
40792
32832
21176
27341
55702
24139
59574
65334
59224
34101
63485
1580
15511
46585
9165
55865
37796
61595
57527
63026
51968
53144
55055
23288
64562
48605
53951
22184
22411
50441
39047
27321
50465
3656
46617
36038
38467
18240
32951
42503
15780
65236
55454
62094
46928
12989
29462
56862
62587
48286
49281
47415
7424
51124
60902
60661
44749
45520
55743
22020
2729
58090
62615
46456
59305
49799
61596
13708
3719
36830
42234
55196
54632
29134
41408
14949
19758
48766
9978
38895
3982
34438
62937
64905
49920
40910
64213
64273
34760
45335
41013
63969
63155
24874
56985
31457
47743
46219
33658
61068
217
35151
8166
43819
50118
27701
64921
65074
26774
44213
52948
58790
33168
47078
1059
2347
51968
53965
42241
10812
40417
52005
2854
35801
56598
52755
22360
61519
19074
40428
16273
61516
34763
59533
60898
57343
39990
52424
55018
46370
16392
35992
55700
39835
62820
56654
941
41586
17152
64614
40643
41209
35601
35275
44150
36515
29859
40870
34148
23072
34959
49290
55068
56659
53902
59885
55041
13209
43023
34283
27655
48347
51356
53753
36239
63027
54358
44934
48040
59100
0
36909
20919
55401
26244
63110
43555
64507
5117
49869
60888
26254
35257
33091
25759
13491
50137
47871
44338
28381
61081
39845
38069
37058
29471
55177
65236
63971
40918
59224
8936
7682
0
43152
37827
48808
42137
4163
41100
29149
44887
3476
535
12046
58386
54658
35017
41852
52163
43991
16522
51691
1625
45157
42985
37567
37559
33218
2028
13272
18385
42105
62072
33380
7424
23166
49454
49117
60018
63959
53623
41702
54849
9196
63316
33424
39409
51679
44794
51060
52171
51432
63712
35958
52248
39563
34968
7110
51171
42304
27388
11608
28043
27941
51703
60802
36352
35827
37081
53220
13206
47302
48069
6041
31948
48371
20127
46757
50289
41858
36641
17140
17219
56461
42600
33575
16379
44425
52969
37651
57299
2701
44498
15071
3302
8541
34787
59999
36352
23758
36848
41970
1485
41470
27862
43455
34599
51775
53234
52882
41604
14913
43184
64857
150
51995
53733
44592
54249
45963
47579
48067
34791
54427
45751
48260
32534
15855
15129
3302
17152
52075
4262
46631
13485
23910
18668
57110
33491
56459
41870
38376
46645
34182
43950
45859
3779
40436
57565
43431
50610
65025
55976
40937
41547
8909
58372
64730
62342
37050
42914
52177
36352
48982
38877
39858
40154
11451
17360
14755
41785
62624
28217
48779
48145
1239
63983
43395
7559
49056
58963
57129
43726
57373
37693
54617
7418
36279
48484
9666
50299
57867
41747
37250
38400
44982
65047
39177
58878
58270
35624
29673
45301
28109
60617
15333
38937
18322
36804
3201
36178
14900
42443
42168
31907
41477
44094
64963
4838
28817
59103
32057
52926
38897
34206
29105
38400
22407
38043
37968
12428
25266
4540
36049
53985
53184
33377
39085
36751
15517
36699
22410
26126
49623
62202
64916
44786
9060
58679
42427
26714
41195
48695
63171
53217
39160
21091
6029
49920
51140
53702
55191
36805
52306
62724
35536
63949
57930
32930
30624
22012
40599
47328
65006
3681
63644
46703
13699
57074
27546
27351
16368
55179
49679
40591
30904
1908
4543
42109
18103
53760
62398
41718
35725
32944
21751
34456
36859
46130
35223
41736
3324
35081
2714
46121
43415
34763
64344
12740
6067
46958
52391
54463
53660
25771
64148
17115
50925
61478
42009
56261
34260
53760
57171
4562
65023
60630
43401
44508
12760
6059
64322
4329
18483
39744
33700
43672
54988
34755
47608
37372
41926
37510
14022
64821
20422
34831
35023
57325
50282
39310
43943
17397
44554
59392
63611
46981
39178
37006
39167
12489
26472
55225
42368
59132
37054
61346
38884
64699
65056
52118
62478
22334
52711
34028
42695
32939
36819
25978
211
8313
60836
49434
58034
56294
46564
51968
51729
45341
59739
43307
64482
50478
50443
41919
52929
40617
34530
56060
15251
420
56609
53895
59357
7848
22726
63930
58106
52628
40522
40132
11758
34551
48607
33170
14579
18818
44481
49920
45071
31013
53828
40504
38278
25610
51562
52879
59520
19848
4392
28353
60362
39316
45317
18920
52680
36759
59065
47690
48384
51330
61108
60559
39211
33895
2276
52430
46851
36300
42543
34560
35479
48004
42150
36521
40177
49125
57907
16255
52783
40598
12548
11532
41658
33001
49067
59595
49091
44412
33322
33014
6283
52181
36675
40862
29049
37480
17129
48215
38112
42751
56708
55552
1582
44714
42978
37102
6764
57653
43846
55204
5742
20987
50560
6557
35787
4782
50084
50062
38784
57531
18304
62935
35946
30414
35113
9365
18788
12321
46176
33206
7623
58497
59535
53760
36619
34308
46143
50696
44001
38641
51412
57272
16770
16568
2704
59625
37279
964
41670
50055
61636
43479
61168
21798
47553
13822
60002
24324
6590
53627
20183
35253
49555
5166
48062
3584
38877
18096
54974
38319
61156
60124
17549
38870
47287
58686
25244
59969
50429
10808
18712
53827
29865
37869
41635
42123
38545
52470
33305
14791
25980
5604
12754
63746
46363
32980
37736
34560
20942
58583
48611
19151
43630
58512
43451
62385
43649
35526
35109
54543
46012
58512
42598
55619
60140
49257
60144
13410
42178
41948
51886
37864
54529
59319
39620
4264
48444
47378
56640
49920
58040
37612
42362
49221
28447
62401
26300
34913
51623
47746
37610
43224
47516
34224
40334
34807
58471
2256
32852
34371
13795
62973
21580
5764
51380
37848
45014
62245
49779
53709
59841
49920
44832
47889
49280
62491
38288
33527
30368
7168
36038
12444
59507
50986
668
5713
56743
52169
34553
51447
42760
38400
10525
23202
39391
41728
60821
8074
53729
59578
20760
54349
49612
49920
43427
57850
62631
25632
34983
46526
39311
37784
11503
22490
29363
62636
26929
21410
43002
34814
56179
42388
38904
49354
18123
3535
45956
62338
61939
45284
22573
56574
50011
13188
59168
24832
44739
45720
42140
48076
35499
14553
35266
62450
57032
17584
36554
47153
65322
59471
57645
34642
42626
47452
33004
35545
11913
14187
43755
37866
40319
38889
29640
13696
45431
53539
23836
36352
54565
27331
27517
15086
44717
41153
60946
34374
35405
61434
53664
7392
37424
14042
33197
38594
63194
41890
43469
58342
38409
60407
37679
63288
2988
16704
42195
33462
34674
35811
56365
49920
58567
36808
46081
50333
40621
39324
46767
22267
29428
26336
27790
24976
22360
260
58548
38497
59067
34533
29324
27509
41885
56493
63186
31387
41297
41696
15807
51110
39446
55270
22171
57600
25700
3239
34439
41717
21718
51365
12755
55994
51433
47574
62459
40362
45897
62432
49200
34693
46591
36312
8255
34984
48037
18833
37776
48036
54943
31953
9600
29767
39395
50080
53362
41984
60122
60630
61147
53301
55999
41358
37571
62344
58298
18585
41124
34788
9159
9607
62179
53827
24811
10462
45000
48317
35064
54693
62097
54699
23958
25409
29055
19022
36920
29580
25880
51968
34460
53079
48242
55720
37334
63878
40105
29173
57008
766
50363
47685
40121
41859
34526
50062
44519
14969
54183
53889
42166
43014
35983
13110
48529
48860
46271
59760
60529
60551
38410
51968
33948
36927
57508
61587
55599
46663
23715
48081
57089
49117
62899
35883
33812
35087
37375
17309
51892
30123
34209
64060
38632
19505
55795
32940
39583
212
62906
49561
50381
35633
44513
20992
55150
49307
45123
57161
13854
44529
65224
61902
57693
48102
22642
13232
4364
47232
33726
53774
48779
54662
35334
47792
34210
63265
46884
46031
10836
34665
60396
22345
60371
20332
48151
51968
48265
37130
54382
63009
49027
44813
45229
54969
28362
40444
34665
37020
40957
49731
22873
34755
41155
42290
8536
34772
44912
15253
46031
51041
46290
34235
21367
40612
41986
5331
37050
51968
27558
28134
50835
39469
50432
40135
60879
4234
49906
45744
65098
43974
45517
43185
37526
50070
24214
9750
39489
43688
52580
10403
51481
22155
54752
46082
35402
8318
56434
33874
34183
20992
8836
21751
49086
54720
485
28538
9850
62242
49643
24805
30747
37270
23223
34905
52427
210
61586
7333
59082
8879
35104
50617
48264
37762
8379
17451
58923
55448
17252
43403
19816
34560
50162
33992
1501
15486
39697
48143
62367
38659
41166
46546
47071
34765
62400
41880
41134
38535
38534
36028
15571
28302
33955
27169
181
25723
61081
41114
22070
34434
29872
40320
42266
0
15056
53658
399
19603
40379
32290
60821
53674
9202
56455
8752
45355
11963
2072
32867
34710
43328
25493
35063
17468
59872
7538
26646
44139
52808
53005
65263
38297
43313
35987
53595
0
27100
55426
36282
61903
43462
48779
39276
6907
39475
51428
49385
36190
63624
37832
49348
34560
54510
32196
5505
34021
33236
31809
39449
57406
44422
56633
22108
38216
56305
52608
25883
34560
47057
49073
65527
63749
12163
44417
23944
45686
37711
4562
53497
40617
33261
18359
6710
17347
41943
39877
44401
8541
6634
26416
1250
43879
47295
35799
56285
50562
36751
58592
704
0
34460
131
44805
19354
37046
61746
10223
38400
44191
48168
28591
49609
49298
12479
42852
52035
64919
53998
21397
56602
10411
13201
64335
2140
21827
36273
34220
44116
65469
4996
37914
0
35850
9637
46160
10738
36976
1474
42881
29487
51626
63117
56141
33507
39984
39736
1952
17355
36768
41528
59952
1507
21325
61325
16810
4911
57473
33218
63344
24050
53840
24997
64266
49920
38929
39223
2192
22779
6100
35410
51599
41728
60242
37536
62476
42048
57682
56502
10136
52103
39314
29599
47263
9224
37824
65135
6516
7168
33657
23459
12377
55499
10520
4081
61310
49920
35502
1234
36002
38366
24198
60562
64442
20427
48591
10113
25321
41614
15755
47167
53317
20992
10034
40172
58762
33844
53011
53408
60376
52939
52280
46936
10196
710
51455
47520
44348
0
45034
55778
10430
62428
36751
32314
59960
39067
40764
24909
23410
47881
55188
62210
33959
32389
4518
37857
14507
17055
60854
60693
38337
17658
58763
19177
9545
49095
44959
9366
33949
51968
56235
63025
38859
40426
18361
22206
65092
48778
33519
41966
55489
25782
39834
8118
59274
49903
53465
27227
33206
61126
36232
42208
56233
39631
43978
35607
49283
60124
23704
33795
52688
57600
43666
36903
48042
54058
19426
58059
46192
17055
26411
23247
39100
17564
18383
65349
34418
42187
48901
60006
32414
42917
59198
22460
4723
38653
22662
21389
39835
60652
47518
51175
11995
59392
37691
64759
14589
36804
35798
39422
35979
59994
64821
29222
53177
8130
58158
51171
59038
38585
53185
52852
33209
29448
47871
13843
5558
51387
23214
7634
17644
37585
37376
17621
47853
41984
7591
46051
62570
41701
46299
40621
34991
43992
65386
32468
28550
38303
54770
31401
38070
50115
57580
57059
43753
57760
40200
5821
17809
45753
37350
2099
4848
57881
34340
59276
62128
51968
56057
37400
63960
47969
42189
63187
56456
14742
38047
47335
7229
61448
49057
42319
59850
57779
57768
50388
24301
64784
17083
48573
12213
31382
37114
46092
8848
52132
52107
65177
50776
38400
36513
40253
9425
31398
64751
60396
60095
62382
57020
45617
57039
35493
41692
2292
46752
36335
29780
49129
12758
56395
56871
9885
11580
58604
6827
65324
38641
21390
8683
62910
61510
55552
33500
18124
4351
14411
43901
42340
39598
46823
47251
37349
39441
47267
36262
39262
45488
15065
41915
55687
54698
32185
63120
34730
51341
54406
50351
63441
35268
45874
63951
39126
9161
49920
59257
49103
23639
40429
37119
51180
42393
53791
41996
31787
52704
28625
3054
37439
61545
52118
55258
54454
33222
47391
58939
60162
52242
53791
55615
50649
48787
60965
59569
45191
52051
59392
41879
47844
57353
38190
52935
37738
50412
38582
34374
15574
64977
52984
23007
43253
10343
55566
46817
61203
62835
29123
45207
38465
44448
58309
43257
42855
63326
24719
45497
39448
36752
40192
18599
62085
33201
56214
60411
38082
11735
41641
55789
47330
24512
38560
43023
5043
32184
41953
32902
16390
58031
44225
50165
54802
44732
50185
35886
44683
43527
57283
64846
25649
3713
28416
52115
40335
59381
33962
53461
51446
57751
56245
28535
47832
7472
37328
11431
47343
51345
17181
56503
41629
16818
13046
37783
39250
47801
25335
65426
36234
42869
54166
44115
59475
48370
47616
47040
44577
58257
27830
52570
25988
64505
34855
47262
63228
53622
41538
42483
33035
33174
41945
45782
13035
58045
509
25042
60193
63956
11062
32940
55342
33765
12930
36740
50852
64228
63232
7839
30679
15464
38441
53693
54491
41361
43967
54370
63488
16358
20118
36088
48493
41965
7671
547
39395
63697
27574
58356
54924
54456
36824
45529
31208
44999
55887
17260
8769
25804
49920
669
64447
19020
44695
20965
62954
58611
4478
15782
53755
57514
53751
47827
26593
35017
25011
43120
15255
6760
39602
42626
8919
59408
37758
23459
52557
60086
39895
60174
46738
56561
51968
37026
65437
28023
47735
36952
30282
45448
45767
44746
39595
52100
46574
53797
12467
11424
44249
18812
2983
22916
56975
5775
59373
58837
36774
36826
10405
63152
26647
26774
41137
11402
44032
56606
55426
50874
54432
43530
60209
44832
52115
8474
45018
977
11044
47078
41223
40188
55634
7008
30152
49299
60229
31970
22878
44225
27573
54658
44434
39887
4037
24059
4789
27592
34560
43235
62490
14803
22248
2502
47602
59736
63681
63152
45520
50167
54631
62109
2759
65439
40327
12372
37781
56218
45228
56474
33282
63465
47675
50619
47532
34692
42422
56625
62417
49339
41984
38129
9903
35826
27648
34019
41202
23193
58172
39026
59537
8332
42273
58462
14359
49663
3748
34996
7141
56268
51659
22748
1689
16514
38654
47845
34688
63924
10289
46241
35295
24475
38400
56771
52884
45738
58179
38635
55996
13055
36214
23741
64386
49871
46050
18035
14789
63818
7574
39756
43976
34563
40157
34686
65494
23245
61572
17008
59212
53139
4481
59093
60577
63457
34560
3578
34822
42688
60321
45363
34806
48967
44678
24322
50607
50414
10121
43966
62042
59735
57803
58267
38921
28572
48548
59349
12813
2742
27792
22692
61948
35038
40874
44594
52860
17123
11264
13963
30324
52994
10490
45007
53905
64667
56920
49658
54145
41661
53961
53517
56234
32914
49987
15573
47235
52189
12724
6386
25327
64925
16119
53100
48609
41361
60973
26067
2965
54768
34560
39501
35675
47110
46605
40444
50147
64327
33799
27300
46673
35276
20485
32753
31776
20400
61401
27264
58043
55812
47998
34742
64026
29701
42189
54299
43466
56170
53652
36009
36265
53988
3584
47012
20408
47335
55250
39345
45451
58346
45517
32910
49798
23289
47516
35348
35896
33644
21195
64235
32704
30422
13767
18890
58895
36904
10989
39585
64973
6331
19193
35552
42491
22265
49664
60128
5344
32182
39510
59631
54994
10170
62120
56626
41611
63244
42201
3537
62379
55357
49828
51370
55209
42656
64163
44981
18681
47431
45714
50354
55781
36195
51864
7847
35766
62717
20992
15216
45874
53236
33420
42684
43381
45806
38737
235
40938
35396
42021
21714
19867
56699
17316
36032
3770
49798
64135
58332
60369
20967
25749
53464
49566
60878
53918
64488
37127
20193
49920
48367
36101
37052
33233
27518
16685
22932
53805
55147
14355
61700
38483
36061
40826
40615
61334
33707
28902
9350
63376
8255
57752
48176
53776
11154
55220
59124
37356
31567
48285
32164
38400
49190
45531
41354
39598
17077
60577
13197
33518
55152
59126
50935
2785
34805
42130
22191
17377
33519
8689
15211
55989
38747
17068
45723
8725
16777
16777
18306
59398
10594
26066
47508
49920
42953
24748
1437
3950
57803
57133
63824
51371
65432
38532
56999
6879
44274
40572
57981
42081
39208
30353
53967
40248
36787
59068
65503
59954
58771
24469
64154
59413
45264
5593
15521
49920
47561
56482
30899
46219
56571
57382
47969
52173
2691
46919
63723
9884
52142
38439
65051
52154
41198
45292
50747
25745
42903
64767
32775
52071
33774
44670
56661
47419
55748
44706
48590
55552
27848
57514
53141
35081
46588
57877
54778
21748
29746
10678
50015
1042
12767
38474
54693
59527
58942
31217
60496
60569
51676
60336
51066
60104
64684
49148
38572
38079
17520
28106
22563
41984
55057
31969
56384
4805
53238
21188
5273
64273
21191
5313
51014
49546
12218
53796
14545
157
64050
58433
59737
47932
5817
52934
61497
915
28625
59296
20398
43842
42418
47535
57204
51968
33710
43148
36784
51392
50553
61603
36786
32677
59267
37300
34040
27011
53466
5679
53470
51538
13050
64579
1510
44642
36483
48708
675
40454
29397
64985
24984
39260
17809
21444
64227
38400
52494
17230
64680
46245
47492
57880
18067
19343
38062
2896
7362
51639
49330
32108
52367
50167
24275
27110
5743
13455
35263
41405
13828
54159
4169
23797
55168
14045
21009
16731
6355
7424
36362
15531
62389
25844
63966
6405
32790
47035
34443
17404
33332
4536
5838
16062
65500
61281
35978
49026
64970
43165
43500
48309
32962
22362
24351
15703
49122
48496
52683
56731
63619
34560
8364
34358
19401
8389
62900
37991
37276
36230
37584
64932
38787
61917
45756
20114
24745
42214
55094
57825
43541
53695
11698
43758
60141
61687
64829
1534
31872
64472
58124
40905
38317
51968
65355
52163
50012
47616
55183
42632
44244
6364
22683
59250
237
36552
47330
40494
58682
40289
23801
56242
17899
63941
34538
45009
36744
50367
51387
43843
33499
53360
5620
56933
63708
55552
30504
51156
39404
44004
49369
7341
35737
35321
61130
34215
47519
33779
51333
55941
36503
11489
57850
39668
12557
51753
44893
53866
46498
60382
53561
34989
13788
43488
44505
43397
39658
55552
51446
64555
1010
47249
6007
59433
56305
46303
35794
48366
38802
51633
60101
54147
50643
52026
34808
41859
49480
11149
40934
41322
20981
15071
6884
45816
61658
58327
61367
44581
63243
57600
16591
38909
45324
1683
7393
64661
17126
50830
8636
3732
22453
42194
62268
51417
13006
63232
49565
35566
63583
42250
37548
26340
39765
35342
5953
50894
43903
34266
38664
60322
13306
3584
35029
53397
52873
61587
48294
55765
58511
59330
35023
47799
65418
31105
48041
45484
42906
59397
10367
22862
55668
46182
31145
38745
55498
30433
27081
9165
53694
32919
37632
18001
45971
38400
24228
12963
42194
57484
13505
40893
43615
2387
39114
36927
10411
63466
16634
45765
55266
36145
51595
61834
58672
64197
35940
34947
61188
43510
30716
7190
45611
38050
51227
4759
37783
57600
58828
62989
64684
57020
58965
40086
35987
52462
51057
8511
27849
46809
7091
23532
51131
34777
59269
48317
6117
36833
39070
4495
42750
28398
49323
13954
29682
50100
59756
10465
34961
34560
17571
62447
15316
27741
4267
40676
62410
49893
53221
43359
39630
36507
33461
33667
50618
58
35583
38168
34013
43455
40149
58659
40440
15253
41776
50848
49079
44674
49643
967
27115
17152
29404
7407
58028
4760
32804
1479
240
18418
40568
29665
5586
16191
52470
10814
35114
7634
65411
56334
63212
45374
35562
45279
18473
38041
49549
21973
44533
13217
33727
45710
7048
34560
37913
39383
50636
53395
24792
9023
6383
33765
44518
404
6619
34015
28047
54449
59130
65219
4759
33974
15954
44124
45997
7414
60063
39412
42183
39231
62629
6860
38694
41710
58773
20992
8392
48869
34224
48890
25311
1414
37919
59010
25082
17081
53931
16879
50842
18730
47254
36169
62519
55211
25851
61376
7807
34785
33165
44169
64917
65502
43872
20108
17281
56268
48840
20992
36525
11480
56944
22185
44953
49230
47020
3061
44501
57748
53674
64541
40393
46602
34819
34212
50156
37477
45715
7350
10122
19630
9132
35510
40143
64053
54940
50385
37213
19952
60621
38400
64973
62098
42160
36749
3935
54762
46807
39797
45521
28353
56748
37711
46044
48550
35722
5217
65424
33213
64661
49070
44976
34786
3575
1444
14906
47285
53478
32942
37373
60158
16196
34560
36592
60775
60792
41033
52452
40932
47492
55176
29533
51071
10128
24806
56351
53185
49585
65249
42170
18060
61189
59085
60100
4620
32325
46891
39411
40998
7611
41841
60582
8894
35750
0
60105
15248
64710
46243
39590
59009
37015
61171
46601
8500
45742
35950
34829
10757
45338
63237
36343
35734
57335
53524
43551
39552
56178
38163
48672
45724
44803
53387
6056
3989
54705
49920
59260
56737
41269
38609
60136
36782
8107
60234
28646
38062
56134
37557
56007
58509
41606
34763
45419
57019
32901
41480
5083
61980
62249
45072
41720
19592
38798
41875
35785
61918
40421
17152
50586
56580
38311
11450
64499
671
35697
64036
53423
32820
20391
3497
38378
30336
61017
42095
53432
1503
50068
30788
19659
60330
54908
39866
15058
41981
37794
38667
17738
60890
27927
20992
55476
61900
58243
26370
62102
47491
23457
56191
49351
24338
32484
4356
35627
40795
48928
34770
27116
7983
46041
19670
35824
20202
20438
47774
58703
57897
3821
35426
54210
64910
64974
49920
43437
20741
31115
37465
60544
54318
35869
54256
35629
62123
42793
18353
49125
52682
44128
36555
57592
43994
64236
51336
64643
46583
45111
52177
37261
40642
60822
10380
35350
57808
14515
51968
49174
43770
33948
35440
49027
43739
42898
64659
42932
36309
43098
4545
58044
20792
40124
3651
52683
33752
35830
48739
47862
7835
3807
26227
5907
60913
45486
7558
28563
28865
43676
3584
13340
64692
38064
45150
26388
52199
56432
50885
40134
44520
33790
49904
11163
53796
34090
53977
47184
8684
13603
39912
29679
17712
51084
4966
51926
29988
65236
54230
37095
36327
40594
51968
837
44106
46070
35003
49486
36532
64967
41409
49810
33683
37100
56124
3172
35458
58789
17287
41726
51775
40337
37760
41666
34465
63885
38264
46586
37907
63450
48766
33061
15030
51165
40192
48758
38676
48335
39098
64015
61509
22424
56026
59424
39605
58341
16308
10191
60967
40760
52178
45715
62707
51114
28068
30845
46789
56825
32059
43218
37373
37248
42892
48313
52420
46774
38400
62040
60489
54269
35169
17642
52970
22054
61159
1351
33130
39904
34257
19447
18014
52925
41984
6980
15755
40913
12747
43527
50886
49830
44839
4388
59822
57695
41539
46542
58218
48109
53760
938
13429
44211
2984
38380
55021
4171
39648
17889
42704
35751
40071
36742
13964
42433
34777
53135
27303
43606
41207
21136
34703
58501
48774
39611
41377
38553
11434
43429
30766
14500
41984
61479
26056
45072
60003
26257
48048
59629
60067
37514
59568
32459
44972
10371
37420
64974
34695
42013
13535
4823
34637
42893
6351
65045
54428
21258
44214
10398
771
10245
50314
39250
53760
37109
52451
45738
54345
29598
38230
60810
23530
39100
31533
48010
57804
34190
56986
62011
21127
64674
55255
52869
17283
46758
33397
51169
41172
2253
38849
33338
49877
47611
25473
4330
0
10965
34511
10388
55042
41918
65330
40373
33241
37079
64511
28302
40336
56237
53982
53725
17362
18848
43753
37508
41129
55708
24032
38542
23681
63823
52917
38441
6624
12341
36656
21797
36352
49552
32880
2975
61688
51351
42732
57240
49209
48781
47500
52537
54034
33077
45046
52318
53963
41341
58081
64297
45802
58539
35624
53247
42659
44940
40458
51086
11409
51129
63653
60498
51968
40588
56286
42904
47939
55546
11693
9407
28984
63990
61190
49899
2755
60328
13337
60576
17152
54992
58528
2999
1091
29869
38673
44706
13126
40844
23444
33289
21443
41839
49804
59631
3584
46877
46363
42067
11665
34949
61890
28952
30355
64421
39671
48414
13746
57033
47771
40175
50115
54723
16568
48305
45669
52146
57627
38288
59251
1602
57582
38809
34452
61902
40897
54200
34560
60328
8121
491
9905
51981
7607
40529
29661
8365
43464
34711
36064
59719
56227
40131
17219
18899
50651
59189
47791
31212
2186
29836
5056
60907
64409
63641
4380
44208
35555
47821
34560
36372
44732
33342
34395
52530
53442
64809
3051
14215
19848
60327
54034
32755
9203
18066
135
15784
31722
61057
31628
6559
49284
33738
35370
40474
44777
63455
28099
37717
7299
43713
34560
39816
34087
15337
63779
36370
13716
44073
64991
61215
35641
63694
63879
44417
47099
16858
38564
38318
63562
41880
16108
48608
48401
50422
64991
55980
55194
53348
48263
50971
43490
46276
34560
64409
62882
58541
41393
58079
10928
38867
8345
37555
63473
3135
62429
13724
31430
41136
17234
39349
3984
16810
30605
51416
5474
8103
48895
41010
48391
30946
44188
61034
64947
49574
49920
37320
48173
30702
32230
38088
6804
55465
52362
32885
39870
44494
35009
10876
55691
57500
52191
65497
47306
50678
44442
55321
30460
4883
35595
47468
43140
51193
63414
45783
49479
8729
45824
62181
12056
60098
9139
37013
11320
61853
41885
26434
57344
13334
55783
26848
62579
49641
59609
60833
39648
14790
64253
41730
51391
52691
49858
36575
33443
51380
46733
47880
29974
49066
61184
34775
48763
63717
41881
41152
56836
10489
2110
63229
48786
60925
53398
52990
54189
18079
203
61160
13964
62096
37149
57288
41211
60179
38882
55289
35898
8049
2976
65190
16023
53711
55552
54340
12492
48554
2528
3749
51877
34334
32899
44320
52953
48287
59607
52661
1340
54188
63246
50916
49144
58480
18563
52742
60269
53511
16838
47290
33232
41917
21128
53578
33505
43361
49920
16063
56756
24846
50111
21637
37105
59602
22246
65447
35806
62445
1707
27111
19852
23426
52103
6900
56815
21746
20455
38115
11914
2953
38798
58379
63906
41863
4860
9894
188
31622
53248
36348
39334
47241
64643
11198
58527
47791
36752
63550
34448
63351
4831
52899
61620
26650
59587
36016
40174
52819
53649
49682
38856
45419
36741
21999
41270
38534
65286
46306
40315
6198
47360
60144
44111
50196
6773
63697
49090
63145
44950
8436
14175
23509
7321
31283
60900
43768
59542
47910
37986
62880
10461
1588
47844
60860
28376
18776
40137
15241
59850
47110
34527
24999
64512
24035
27108
30709
26015
55632
36149
43975
43431
62983
59631
39606
17283
36515
1414
39308
55747
35209
40621
49305
52486
34765
22405
26585
35253
42923
54817
63569
10829
50434
39797
30531
45312
38626
50091
46815
57492
37536
45437
20166
34822
391
32854
2722
64953
60900
54045
52100
36334
18060
60171
14428
60145
56485
42253
41943
62092
37327
2002
36001
33970
54080
62884
59264
24832
49101
5813
36041
35624
26666
64600
6112
20180
50678
34459
43107
55180
56704
5357
43933
61319
53578
50140
30496
29970
52029
21645
29640
37343
56815
44115
58241
23799
19698
43211
47019
38400
3486
22199
45778
63960
50646
63853
53373
38623
51645
40338
59067
21034
39326
24705
38322
36352
42893
40923
18321
25995
62434
44729
20571
58338
19715
46997
25799
65485
34408
39350
35561
55552
52421
53452
52914
40909
45785
53180
48304
36592
36280
53413
47014
24353
47541
59435
16314
34799
30965
34205
64389
249
62420
38879
48630
52433
33642
40799
48774
49126
39472
61343
11959
40192
50625
24739
30081
25538
59967
33159
12700
50574
29069
49868
62114
41889
12971
38364
12169
25064
24559
18426
43000
19358
57808
38904
28656
59084
20120
44534
17895
20148
19349
14565
59299
29952
4043
42340
37811
43377
10708
38130
39281
60136
11086
44305
59501
42971
38476
63913
38865
45959
32938
40233
44063
62883
34794
58769
24721
60816
6811
29671
40622
63606
10735
36790
35576
54784
57545
35835
12278
54115
34303
37585
41928
14162
47711
51476
9359
17887
59071
35340
18651
46063
8490
51975
48979
40734
43230
23314
61819
39370
58017
10396
43201
48279
19088
65217
36001
57088
21167
33190
65320
62231
38708
46770
16122
22460
57011
48820
32695
13265
33533
48582
30339
17384
64980
64843
42919
20457
18125
42775
34634
47068
22523
36112
38620
44430
32022
36800
57259
44032
7152
2018
45025
23954
39577
30081
39899
41073
63441
53163
38553
6494
4650
54477
50866
38535
403
41354
40077
31534
55985
53872
59248
41395
54765
422
40653
30043
34498
18895
35100
32256
49712
58706
61648
43726
61129
57331
38145
60401
27270
64031
54437
49287
41132
32815
64251
55552
42149
62354
55201
61483
64154
36221
50578
43765
63610
60982
10917
23681
24794
22691
28833
58880
12191
65434
35506
45352
56452
59656
24018
39907
5027
36159
62446
47789
16381
37637
9605
25057
21141
61703
40391
12446
60020
45740
41677
1345
24981
58202
29845
25813
63706
62363
35460
36096
60602
47351
44036
3803
45020
24800
37315
63218
7911
6314
45021
45522
46584
19792
44447
11331
30863
42392
39651
8564
34470
6018
55665
55833
37767
11519
60367
40536
55953
23338
63731
65024
62944
23098
50421
50328
479
49404
49065
53084
29681
46325
55739
54498
16820
56601
50000
36372
46130
40094
748
34282
63732
40836
42760
3453
55454
48495
50110
55323
22842
44711
60841
55552
35710
42403
46344
43004
43707
57022
50850
59580
54160
29142
36514
41807
14219
26829
45960
40417
10159
50256
38802
47551
33250
62646
10926
30366
33639
18187
36542
46609
38080
38568
19273
49664
60587
62589
15808
8894
36825
26465
64583
32831
39636
39455
59081
43212
37652
35233
62663
40364
3131
65044
33749
58694
33498
60269
38135
49538
57319
2231
34297
2452
49415
37279
50631
37888
38530
62431
61341
46823
39676
34509
32947
57935
60039
25335
35211
5882
63847
18697
47769
17316
49509
39079
36866
43081
30081
51395
42959
26283
43984
9092
61627
49796
56753
63411
6638
16384
64784
44418
63427
53289
56024
49705
36587
30105
51995
40426
58536
34691
43186
52148
17889
55694
38054
57538
35476
24536
4542
36821
5805
30756
34439
16440
2724
42108
56789
37095
63733
55296
6196
54016
53168
47035
18605
24499
53
38327
58560
55447
55400
64039
4939
56566
38919
57847
44691
33633
19611
61538
42446
58403
49364
48855
36536
63224
53445
46331
38653
26942
60626
39680
52677
56624
47291
40677
54689
53182
38972
25952
24019
51463
64982
49440
4874
44569
25568
61242
35148
59349
14477
35469
713
42273
52941
55125
57456
22964
60327
60918
3990
44976
53941
43520
30366
34279
53677
6129
35418
27206
12739
27267
63699
48651
4348
39082
44230
15037
6061
34183
13737
39822
13246
42149
41417
15581
28099
29107
39893
34921
41038
59058
33080
53184
42637
59392
61826
52932
37826
51365
53338
51685
44678
52598
50633
46815
50949
32980
33780
16318
39860
55378
49385
62182
57268
38106
38583
28606
60301
52584
64974
50924
37002
57261
35978
47292
47419
17152
41917
52402
40494
14321
63731
40397
15085
45777
39410
25597
45189
39152
27321
59557
44251
59571
20353
37720
45482
59236
54693
34280
5003
62117
35563
57801
47340
34075
39784
46498
33682
51968
9697
47567
10586
60109
54647
1987
15051
34001
56643
46545
45440
49507
21181
20610
49371
63433
55224
37150
39414
516
37117
10492
33390
50519
53461
40235
52506
4012
58322
13158
61056
51968
62163
50395
35380
54237
23274
61331
34050
35059
1621
46303
41123
57691
25997
45259
60661
57335
49138
7497
52069
25791
40151
55372
54265
3282
4857
48278
35524
40830
57690
51908
63315
44032
49266
51679
29538
43443
45972
45373
63626
51174
16533
43004
52197
52974
53134
39955
12437
45544
57329
39799
18512
20922
61671
40389
56586
44295
58654
42481
36591
62902
53413
52158
53649
28416
52375
59575
37186
39824
38064
3809
48463
42658
61147
47864
29328
37841
48089
38372
33940
54166
56896
35215
18669
34784
42272
17203
20439
43745
59777
32904
5606
43134
47847
6640
63881
53760
64375
39647
46783
48867
54604
58870
53987
33243
437
46270
17998
54823
16027
34242
163
58785
61937
56312
8177
15517
46240
25574
42963
610
48497
25761
37084
37332
38998
55954
58102
45824
8740
46810
51499
37747
24153
7625
41610
40407
39083
42932
30924
40414
49864
35310
47111
62958
28574
41214
3993
47295
40154
49286
56743
40421
63605
46766
37495
53268
43956
65226
61632
55552
55755
50070
37411
52368
38830
64551
45468
1164
43733
20892
13480
24251
50887
16627
18977
38632
50607
62174
59983
51714
47747
53953
33269
25321
54649
33230
37625
40910
33867
63714
52185
55552
8861
53417
23025
33696
37345
23143
63383
2056
36797
15012
58828
55538
53396
27117
28638
47833
43236
47484
11180
58354
34263
56819
42234
38422
44961
64762
48807
51872
42844
45243
41854
49664
60599
30996
15103
59266
3465
38335
12977
61808
58745
54680
64803
48954
47682
27492
34726
59059
35673
43725
39060
58175
52447
36616
58839
45830
38345
29657
25097
63922
31634
48037
51367
45824
16817
15359
61068
40344
56983
32864
59381
37018
59852
38966
37077
14980
10204
53142
12445
49850
58330
50338
37368
19330
52565
47653
37125
60257
12490
47443
44652
27300
35251
14786
24521
51968
49184
29343
11597
14146
3005
17156
54049
64429
40317
61117
49934
49200
64894
49649
60234
52110
35336
7683
60571
52460
11018
46368
41989
49841
38481
35104
47510
36134
22556
50315
20046
36352
36884
61081
38914
51673
58066
36860
25221
6301
21280
34120
35166
5955
48825
54190
49400
21239
58095
2214
54928
63729
32983
49389
43649
49346
3999
53142
57664
55778
46376
54715
55858
17152
2290
42715
59538
39621
45797
2852
45185
19099
64425
62952
11761
7523
364
53283
34259
36569
49035
52112
56304
62082
53496
56922
39908
27130
36492
12716
5570
51289
38187
20947
6406
0
50069
47851
50978
61489
26269
62884
63945
8366
45765
3201
12737
30923
39171
52166
57890
50123
53995
62669
39151
3133
50329
42648
62545
64430
9142
43517
7806
34215
36605
7865
60458
38400
59532
1348
3406
16831
61861
45221
65171
37798
61245
43157
38568
11228
36017
37035
16326
34710
35457
31711
25256
51219
57756
64409
45707
26519
56655
59343
2732
38604
65413
40379
41901
20992
34679
15605
48292
39362
40542
64952
35179
49875
19094
57391
61747
37548
40659
37862
10391
18942
24720
39179
37869
7004
43299
64865
34440
57675
52948
55965
37418
40133
45137
32952
33474
65024
46048
51126
60863
58068
29893
42124
11328
46047
10492
26591
48932
9876
41921
52219
61340
38555
42156
39116
12422
52912
54297
38427
63420
38652
36750
59342
24471
56970
28127
49280
3678
41984
55496
40354
39205
46053
31710
37194
39419
27359
16312
61583
32701
9418
36225
60138
23157
38579
1420
57170
19123
59155
33968
22922
55219
60895
60314
52476
58100
41480
39177
65119
46338
38400
64079
36179
45648
49087
37033
35977
49311
44993
28154
61836
39562
36817
38074
20697
59626
28670
50739
58531
33719
32779
26568
40461
34990
12131
21561
11999
18074
37661
40068
25412
56984
40192
64983
29582
3062
46316
34679
3749
45520
54034
46692
45076
35637
1918
59028
49903
11304
59587
57582
24030
57771
10458
42522
65234
49061
52406
35993
32558
35768
26424
22375
45985
60331
55552
63642
50305
41703
60410
63168
57318
48055
18312
50359
34727
41697
17886
50907
6828
45396
232
55693
24879
15507
48507
58351
44762
13058
37931
49942
23730
47068
14113
45780
39934
38838
55552
59275
59884
48260
31137
42660
62044
8665
33445
52708
50479
36348
46499
25756
52422
61369
40387
51138
43673
42327
24964
59083
16146
56560
22022
56765
37057
25478
52729
15342
35610
58224
45824
56308
64172
43160
64135
59267
61934
34055
35356
51975
4995
59670
39818
29596
48573
37541
36531
42056
407
34802
39891
43280
9652
34522
2979
30488
47299
52411
64230
41674
20244
50836
59392
32538
61058
56226
39601
55088
41974
65295
58860
3244
55358
64384
30196
33469
43559
55002
34777
60850
35817
45525
36524
5354
8109
40133
18382
51122
4047
50218
1898
61476
38946
276
0
39461
2506
50371
25768
43720
34984
50371
63555
35274
58243
47838
34108
28867
63783
35944
38535
51710
48543
10214
46811
30118
15819
36884
47811
22657
6606
51412
6914
2236
14752
62945
20992
32899
7160
31167
45190
51199
61845
51089
59943
26766
65532
4026
50351
25478
40227
58800
53924
47259
21488
57056
9160
57824
43613
38856
21735
40886
52612
47018
43648
43710
56271
34395
49920
11458
59850
34253
44392
33852
23255
65442
64136
60760
37028
59696
38787
41900
40868
45229
232
37035
44235
11451
5290
37961
65136
44545
39851
976
21340
39811
57854
64227
42465
39179
3584
51623
4013
14477
59675
48286
54968
51592
51704
18858
34066
25242
53176
54515
36613
47547
36352
53778
48084
45781
43920
40122
43199
33767
46010
43670
21467
63903
43468
49062
62395
54487
51968
8405
33810
7787
48753
4993
58065
49917
41910
53169
53203
186
44359
5009
46226
61686
17166
8747
17915
39337
10152
64386
53982
52654
40181
23680
27566
58465
38556
26051
53688
51689
7424
60038
14482
52936
58139
47584
30998
20455
60099
11259
33682
56121
55961
50491
60498
48861
50123
39582
33849
664
20971
50090
42677
20713
51607
34004
55001
35212
18578
41638
2011
41452
59392
25197
63195
38198
32908
36992
37879
38569
59166
39609
37292
36873
51577
51432
44202
43708
59406
41253
49700
63593
64031
35065
42200
48705
42844
47258
51442
51811
34548
45236
36035
57664
17152
42640
52620
4654
61087
39324
59094
9632
51705
56026
32838
47028
23912
55272
1103
39369
38617
36489
40872
33890
63973
54424
10383
13984
60131
41962
46267
37836
63339
56288
51125
54193
20992
16054
19291
9883
63713
32999
29290
46029
24554
54209
45522
38844
56792
51765
26067
52362
53902
39800
19653
52971
33093
49375
60555
51138
57300
47629
55266
44449
39612
46293
53655
59092
17152
1999
47149
32734
16052
48831
33164
14709
34336
22645
51346
49135
2655
32908
33745
49425
55694
57799
4789
62393
15094
61261
54265
63069
63393
48307
16292
46853
50673
46725
22684
58248
55552
58397
16405
52264
41614
60441
62541
61126
41419
54503
10436
34531
36577
22706
9621
56288
40395
2617
25258
36325
36343
54984
46770
2661
979
34712
17081
27029
39319
65092
35053
36584
51968
9778
58304
22995
1171
23787
63403
43556
58874
40224
50862
47404
15961
53177
24223
20136
50055
60593
39157
21154
40403
49320
34742
53778
22329
4625
6011
60807
55803
36355
54183
54212
24832
52439
50947
37232
52958
55681
35856
34228
32943
46603
59313
33438
41640
42165
7138
45058
3816
62559
54757
4852
57760
64972
65249
28159
55471
42662
35519
7319
52749
23858
65171
62150
61184
59793
39164
58246
43910
24761
43824
61411
61190
59490
44254
36745
45858
47986
58776
57256
11489
60788
55755
58147
8164
15096
44539
58702
61353
16029
55690
62369
46832
27081
37537
53003
41984
23780
41376
46249
49059
45256
53124
1935
46818
48372
58288
38415
4099
36594
59627
50611
57238
56429
24246
17116
56713
12280
505
24308
14303
29934
55972
58004
52139
47818
36831
64742
53760
53012
39969
49142
4095
36541
46458
19614
41859
63473
30695
19876
37086
58381
36378
46400
22731
27004
34509
35203
15767
37833
17035
15809
46497
9419
55333
61934
40690
32753
43270
26796
20992
2984
20614
55546
58060
21408
56228
30870
40942
41368
44257
62744
55191
62653
53165
61730
30122
49585
37068
32232
57516
46089
12560
53733
48405
48320
57017
45812
23028
8294
42460
24559
53760
54383
64021
51815
61329
18486
49863
61764
53936
48084
61087
36249
45471
63230
49826
55673
7572
63668
50345
50084
58745
41439
45466
49635
62377
45242
30179
44195
13576
20881
63927
55581
49920
43443
33989
31637
47841
41116
34276
37706
61171
50649
45674
52671
61646
33187
55944
62899
55702
45800
39035
53226
52113
27360
49662
2168
44681
20192
64754
23427
47732
36568
54845
26460
55552
1198
51429
49360
915
52655
59360
61650
49740
35040
59376
52861
64840
501
60057
35010
28430
56013
50415
44494
55784
35355
44017
57009
34509
51170
62455
10134
55539
57992
41755
41965
55552
22926
64778
61420
8103
45041
63508
38048
35468
37933
46825
50170
44979
24461
3225
4144
57283
30972
50052
62162
13812
48008
44421
35032
43248
58849
55777
42396
9172
42490
34011
47581
49920
61944
37809
65203
61925
57585
44771
56463
59086
37931
1850
57669
29415
42660
36499
60327
97
2783
46704
45745
2045
34043
56892
41920
50540
8200
61751
33957
35961
49016
55958
4021
41984
11246
53237
37274
56005
52657
42170
53456
52359
47790
55803
64308
44782
56140
41145
49388
65135
54102
34542
4011
40695
55847
14724
33952
54165
36291
33348
55786
45598
64289
4778
41404
40192
56743
62147
40897
53185
59077
64294
588
35201
40166
24250
24759
42397
63168
44931
38117
57847
57240
59359
56276
46268
41721
52034
63046
20188
53262
64059
43940
27616
47306
15077
33759
34560
59220
49995
49677
52299
63367
65506
64824
44011
48662
42719
40363
37763
23360
55017
35092
44046
58131
56640
37637
39622
48193
61083
51866
52368
37817
23961
22778
40153
37980
64493
18563
44032
10634
17628
3094
34387
43423
36616
52955
64812
56124
58840
46316
47009
58640
64649
48285
164
58841
63678
59644
16985
42394
39595
51053
65357
22069
54386
51336
20371
37082
56716
52618
38400
53429
55168
63407
54222
40904
54564
56595
47547
18661
33519
14528
29389
28354
20419
47283
61180
30201
41192
61949
23237
4674
38765
17131
49601
25999
50840
42223
38898
16361
58137
56803
34560
35381
57554
35836
46503
54231
59868
12323
55007
54184
52414
18577
58556
63387
36933
34053
24867
50849
59620
45684
1613
41624
6382
22504
48186
10246
50324
40086
57942
36449
42451
49354
1280
25147
14300
41594
43471
24520
26672
55397
58285
53478
65270
51415
10384
29105
54946
46255
38632
47042
6804
13101
59354
35521
63378
37621
35535
50655
10378
30922
53721
35532
36104
13192
36352
43352
61841
51612
41225
36093
58267
39589
10124
64400
25544
32025
41986
15021
10237
62618
51988
62036
33937
15567
55773
21140
35231
47789
20080
52565
56007
6293
10893
34039
53756
53988
38400
54715
43538
48849
18172
49873
48621
9643
55480
33004
31386
48309
45550
46124
58268
47056
3763
58084
42136
62392
9514
17435
49518
56289
56319
65332
15314
8016
36569
41375
10677
37544
34560
8883
63393
54725
46566
48603
46889
15734
57216
38061
61915
29582
45752
28591
44436
63441
0
56757
36043
45287
27798
51366
7091
59622
58101
14047
63714
61598
52616
57832
37850
46261
40192
8763
48519
33272
52156
27809
58589
50241
12390
42663
32888
49419
5256
52610
39756
10100
52065
43888
434
10669
2603
60603
17184
5372
21683
2542
3796
58393
44193
27634
60386
54725
38400
47820
59375
64642
18423
59885
20155
47246
61409
62388
52710
43172
49095
57121
44471
11729
44196
60488
18387
42540
42742
33271
41843
63680
18017
41355
39109
43386
61576
32986
19636
48284
49920
59835
48429
6843
54189
52692
56471
44910
25545
41661
32505
33430
40347
56306
13253
41706
34792
63111
40658
42853
54942
39325
34447
31388
16844
45386
43340
51401
35823
47585
50684
34246
49920
43144
54071
59312
34838
3232
51363
58782
30915
40373
53073
55940
40514
53153
48146
51110
40395
40815
16440
52935
49186
3059
58096
47801
41196
52429
16421
51686
11204
51385
5185
36070
49664
734
65339
63381
12295
56706
16539
22944
44258
44827
55186
13446
36485
36946
51399
37321
50123
55651
7497
36271
42400
61080
6885
53332
10434
38385
64776
51054
35439
34210
51022
61619
3584
52387
63011
18449
31451
51945
10024
50867
50616
52166
5563
63901
53897
15580
13521
40691
34710
32704
60069
35039
39660
13734
44499
55252
18052
61852
33845
49476
43685
34463
42448
15070
47616
43766
38553
49844
54763
53180
49934
43708
50278
29312
64161
54843
28650
124
4946
37813
55799
64766
3563
48620
27843
14581
53217
34302
10693
52317
6316
42280
46006
36257
35803
12356
17152
58201
27525
37856
2610
24756
14025
21190
38994
52251
14444
61466
42996
61265
34262
52594
34627
37507
2970
46078
54476
62893
41557
55237
47289
52427
18296
57053
51481
40904
37034
62503
40192
10964
54215
9740
51899
27331
50206
42002
12195
57259
61827
58097
49077
39890
51884
6782
55619
49458
17848
61682
53274
49495
11599
44173
44981
4330
47258
194
39730
61416
64961
1752
7424
42119
54721
62402
22397
12205
46586
47972
48837
42929
40688
31235
31785
51692
12560
8010
17377
19108
56225
6805
45121
17648
62116
36402
8294
47821
38312
37639
54376
40111
59108
41291
49920
40323
37853
20709
20399
50633
48621
58510
33919
821
58126
2924
63150
59272
3073
41075
34777
35527
7783
47467
1945
55746
60814
35393
6875
47861
39585
5179
64708
57803
51155
35779
0
29907
41371
29124
8635
64184
4077
35248
54638
48354
34591
39605
46730
34461
46575
42419
36502
43935
3112
34204
38660
44268
9164
30567
54959
41371
40882
48627
61907
32949
20331
38514
51968
10085
13708
50132
12512
6197
36827
20653
61480
38579
37077
47306
50712
33242
53350
5400
34777
59881
53482
25038
13967
53398
8571
58951
53642
11840
18211
51381
65017
43000
51090
44628
28416
28360
48100
38544
35538
64293
48739
13968
35192
47295
1662
31210
47810
61161
44237
40509
3651
6039
56059
52827
17155
15527
36172
64718
20132
32915
14241
46455
3090
41128
50053
38643
51968
45281
21389
60054
3211
20476
38342
63367
35477
41882
47839
34896
49514
38332
58259
40894
34755
35809
34771
50850
2895
32187
36001
56791
53244
217
36233
53145
50904
731
43308
56319
0
58394
10566
59141
56773
47308
64442
48465
56551
45450
2319
16829
52416
47031
8888
62592
5337
65232
37834
39833
9337
7808
46025
57297
50414
16599
39589
53211
30396
38767
26244
63438
55552
40664
38900
43409
63988
59868
55171
1670
131
55718
62582
56246
57782
26366
43818
45286
59450
60835
65434
44700
38857
32850
1247
22402
33583
35215
10931
65381
28490
58006
53461
20489
20992
33322
8972
19104
12417
37530
26022
20021
39716
43113
48635
51621
35636
42591
61823
47277
53451
58132
51692
9552
63012
48004
20248
52044
64186
44185
36065
3269
63687
33236
34856
40384
51968
63586
55756
61603
49638
52184
63160
46115
50184
43948
37605
13506
60116
47515
33215
19935
7557
12967
37738
42629
59194
28610
56510
33946
60182
50606
14795
50349
36219
18674
43754
3311
36352
48802
44997
49051
3284
45955
26530
61495
52137
5742
48188
49622
65279
53372
59705
44538
52207
65014
45994
42932
28201
57900
15022
12446
54091
56767
62934
48621
57217
40330
46823
57137
3584
45494
35551
59693
33470
61097
45477
41976
33512
12197
35727
39648
25042
50699
29505
56030
55769
38821
48124
19195
36608
45137
54730
54017
22068
39755
50415
24673
49827
36791
507
50925
49920
37593
14007
54415
40343
60865
39661
50720
65418
9914
36723
7172
45085
37385
55690
34034
42081
58797
64956
38477
29059
48382
34777
44171
40399
56547
17806
53417
39410
49401
42413
5290
34560
36067
13759
16386
35187
40323
49537
8068
53060
48823
34488
40134
33078
9110
40392
52787
52035
57596
58557
7353
33928
45620
56879
7085
36120
10539
56066
37677
32948
57491
47542
35044
41984
39624
7434
50823
54754
9378
35793
1010
60103
55940
36582
55254
30864
36776
38421
49272
40378
32980
21813
31477
29687
58857
46505
54665
60911
42971
52086
46489
59629
33057
845
20982
38400
32930
39691
39046
54002
43769
38640
20771
48068
10166
61350
18643
32759
29395
23834
36832
49796
37578
52166
14971
35007
52144
7759
59643
32772
23520
7605
35651
52281
55767
64159
45047
36352
37783
24465
28834
36442
42221
44472
60918
4382
59143
59787
40702
59091
1469
28343
55820
41984
3453
18700
33499
48552
18093
13459
58610
37724
41370
29571
43260
55193
15236
35152
44696
59392
14167
47550
35270
21677
59839
52646
37543
52581
40134
52959
34536
62702
50460
49085
4842
52118
51011
40701
36238
59544
37529
60555
20525
38487
43711
57778
34257
63107
51889
10864
47575
59392
15028
60008
63385
59602
41564
51622
61679
61160
50342
59537
1346
56978
16315
3464
41289
40431
53958
44144
19715
48382
55890
34180
47087
44268
62847
29617
46810
35200
57576
38294
10678
40192
6812
45096
58821
56768
58000
19414
28545
6820
9532
42082
29104
61977
6804
51111
47313
57817
16686
38901
38359
41132
44749
50814
32268
34040
52462
57393
49395
62762
52009
11667
58595
7424
20991
10718
5920
8498
8514
32817
55173
29603
47269
50421
34343
34045
60570
61622
39648
52171
5526
55382
37157
15440
41156
15696
49076
5004
57468
56754
5911
59548
60722
48784
48007
55552
47912
59334
46870
60076
39983
47235
52410
26284
20006
15814
43743
47542
17882
36286
37586
52132
44448
18403
64394
13202
38848
61898
25579
11469
43151
36314
54979
47803
43735
9895
7887
20992
58737
49051
14577
63128
59134
47546
18899
39980
37338
27244
65149
25747
15257
60602
34782
51997
20209
6873
60667
24557
52358
53162
3535
40525
416
44039
6139
36608
46683
39323
48088
17152
54539
41195
45516
63104
41695
22550
41065
34948
17640
59603
32965
37496
5050
51755
5365
34777
65462
18778
28592
64751
60372
33229
63668
43930
44790
40384
43320
51928
33509
11664
38300
51968
21177
56702
39514
44961
45434
45242
36191
24501
58277
61682
8598
15389
16327
220
24520
46027
11664
20872
34746
55446
14541
15902
30880
63655
24279
41448
51054
51097
3283
33616
41415
49920
40896
38820
38451
58771
33501
35810
38638
43059
32773
53174
60825
40719
44789
57473
40721
18755
49398
14316
40721
44708
37584
65245
64152
35544
47221
40703
35044
42395
56965
50063
49166
38400
44854
37839
42918
64903
54687
24447
31147
57059
56243
51623
61094
47492
60575
42384
58300
21195
30422
43710
37317
14490
10667
64407
21319
16121
58042
54705
18065
48550
54863
12048
47302
0
6184
46284
41127
37788
40166
12186
61528
64267
2713
15629
58098
38168
53379
52056
27776
38429
5294
40442
32907
24454
41423
37342
40880
906
48032
57248
60670
58059
63897
57296
23653
3584
964
34198
52293
4599
34646
34212
44072
64246
61371
46911
62156
47784
36999
38095
39156
52171
1748
57748
24361
36010
20436
56477
48077
39911
56464
61156
62214
9863
37547
40686
2220
20992
33481
34690
50097
39130
61117
33217
57747
17566
18000
64439
42933
64143
40237
34486
3490
195
55183
53908
45074
13409
49239
40860
49195
39167
37898
44262
49729
46130
40139
59943
47504
51968
33163
54477
56733
61675
46127
44693
44959
34052
39822
40959
38106
50639
41980
34503
18719
34770
34006
63417
51727
3478
52119
50435
63122
42712
37548
10924
211
47011
35325
15002
38804
51968
7463
18243
61597
40654
13952
10018
18116
59083
53406
49729
32787
22746
50437
47964
42027
3787
58378
54770
58588
61011
50612
34193
44066
50542
55039
40705
33457
63288
64585
4803
51230
3584
10370
64310
33150
44865
48406
63860
27497
47787
53724
32145
42136
61281
57164
34013
61061
53970
25520
60117
35275
61333
17727
7328
43240
9231
62080
11034
20799
12228
34835
45808
22518
57600
56496
36839
54178
28670
38615
39485
47848
19695
42175
37220
19758
8195
14275
47467
17329
34763
34954
58483
8091
34219
62473
6937
27029
54098
49048
52124
33693
34704
22497
36606
42965
53760
2099
32050
17273
2898
48564
37553
44431
41672
18923
63387
9861
16525
7860
38633
43942
34777
41377
60120
52563
60761
23718
38118
24220
33514
55094
14012
58624
39978
49328
5629
51528
53760
63672
50505
44215
63481
45333
62035
55989
17137
56024
54392
58032
35201
50338
12504
5365
50055
15849
31731
2760
27360
23763
50431
30469
1587
14593
36516
31487
10393
23962
37586
35985
51968
20983
48651
34275
55955
17879
58752
48626
24308
58030
4744
47579
52444
59591
62437
46610
50055
41161
44611
29857
38045
37817
49085
29579
40136
20938
60326
51589
60459
58453
25382
16762
17152
33079
61947
50924
35837
57776
3500
57576
23949
2173
33930
42458
34588
34989
63481
36215
34755
18334
39479
20609
63154
58239
57280
33533
49324
6640
59875
33254
33104
35806
8501
4632
49920
52194
51274
49574
4524
35580
53612
41943
54147
15961
8670
37456
11583
46810
48004
35004
34755
44940
816
38678
50414
16938
16948
38625
19353
5932
46989
24338
5313
3714
911
36003
17152
46141
45953
44603
46021
38574
48630
61479
7390
27110
26616
395
42454
10131
47034
20896
67
44314
21477
52154
46005
42942
40419
17645
65470
26040
35429
6326
48342
57326
9644
5313
38400
27826
7351
65387
58586
41663
56472
45184
41155
58063
8333
35174
13095
41158
55467
49371
55431
58324
58249
46057
5598
34344
56791
4265
56387
9909
50109
28877
36717
2076
61414
36813
49920
53052
63190
46945
43182
35505
45391
53212
46638
65272
35529
44446
58293
13189
63204
46732
59564
11417
57476
39919
48629
8334
42423
45968
62857
46569
1195
38381
972
48073
60089
23263
34560
53297
46069
4062
56983
9721
48473
20669
41026
35089
37921
34002
56507
35487
24278
13387
61387
54173
50649
51145
36530
2540
59780
51093
31510
35473
8924
13269
22226
27601
37141
7896
17152
44265
53899
34033
44940
1725
17072
40876
51437
760
45976
51410
18843
19974
58297
16852
50055
50278
48589
56715
56201
62871
7335
47948
45802
37995
19673
2259
47847
48619
53376
33531
24832
29520
62542
38852
21751
57775
45684
11670
55525
58188
47005
10225
50271
44806
36141
46304
59421
36634
6058
35509
2891
36748
45491
38770
56023
57148
62099
56032
36068
54935
1533
57383
17152
25144
15676
46977
41102
36482
62834
38314
43099
59511
2347
6792
46533
35512
35080
61743
52147
35968
39317
8342
33176
64145
25999
13004
42784
59570
13492
37341
36277
34037
58934
44144
53760
33174
18550
57218
23445
41710
8988
59383
65392
63826
63351
35841
44460
33180
4862
8302
42187
38321
49583
39801
4783
52699
57240
12525
7462
17170
40650
14477
39881
40355
4276
43930
47616
46027
59328
55170
40530
47605
42386
3227
37349
64348
17826
20403
17053
11018
55716
31228
45974
35799
44922
46875
61179
30023
19863
28230
54487
61190
50068
6550
36142
64662
47521
747
24832
38004
35797
404
19672
61356
55526
41914
51083
44028
17151
47327
57265
30421
47773
29662
40424
64089
12787
46033
61376
25332
44609
55518
61425
65492
36554
28665
8045
63705
22989
23993
49920
51170
25863
37891
52887
57039
51096
64968
62106
35482
64129
48495
40650
37064
45759
40987
3809
12998
39843
39912
49393
35217
46010
3762
38975
41899
50130
15319
10333
45233
50667
56313
38400
65024
63115
22507
59074
41187
51899
37790
21096
57664
52538
29857
41898
44270
64846
34262
57825
39161
57574
45455
19715
34774
21175
49163
28534
41873
34180
13796
37257
64453
57604
32745
57600
53719
16759
47860
58365
28458
54167
52708
49593
19681
57641
7844
31756
2290
48694
31239
45906
51625
22692
43675
26335
50619
58280
63185
42396
49994
47819
57986
51920
4308
61356
43549
63232
36016
5108
48136
45978
61910
2449
50229
61829
52166
43339
22008
56239
55497
8042
42631
57757
40333
34242
40932
39208
1423
50742
33966
45997
43711
61137
56294
61925
36530
56449
8595
36096
41954
37420
11209
14807
33986
64647
25271
7919
49118
47449
53228
63340
10727
46551
60721
42066
45997
25068
52941
57947
20718
56898
52118
48298
58280
19615
7242
26339
65386
60392
9913
14848
41470
64708
35565
10481
65412
22509
62412
42910
60050
51146
42635
40347
50391
45297
22729
36487
53967
45219
39328
11737
35166
40508
40385
59292
28036
44003
28876
39694
39124
65249
47745
38400
16015
36940
44234
39708
42658
36281
38560
4373
21973
21678
44279
41135
54904
48382
32826
3719
36036
53648
15594
46072
8172
54009
49893
41957
64970
58325
59834
30670
44883
41419
55013
24832
43676
51151
19178
36275
44145
54323
17597
2179
30832
61842
17686
52100
59237
731
46899
5255
45315
25779
34966
33962
40641
46253
57985
44486
40432
52855
48150
51604
50771
54525
54055
59392
56365
46039
61804
42124
38376
42940
44260
26135
56512
25342
64994
46527
5682
8684
35826
15065
44134
47091
48797
36383
31865
31415
7130
50558
649
44677
9955
39945
32237
45611
42476
55552
32446
60084
24516
17150
45270
49586
51924
38597
36930
54731
43002
53960
43427
42324
61317
40387
10266
65420
1969
53423
54508
45758
10776
77
42579
6050
25532
53677
22810
4277
39120
59392
36307
50101
57803
13764
45964
46522
12761
5937
33525
9959
12061
61986
23870
62937
2216
55687
24914
14224
38051
38701
32947
53921
64417
39159
48092
60568
51080
33426
58292
49900
18317
17152
48561
61917
40876
40619
42732
13930
52424
33473
32965
53193
37791
35041
49311
46750
41859
57742
62146
48860
24323
57270
37555
38619
35824
15605
45784
15276
38873
29902
23391
9908
63619
51968
55732
26773
22665
14073
8408
64417
54158
36607
50330
35268
49386
41539
62070
48322
51111
52132
42874
57809
39642
24235
33995
36550
26596
37629
33641
59134
58556
47306
9780
24826
44935
51968
1166
44003
48310
38092
32366
40338
1405
35221
47581
59596
35637
43312
48611
36072
49670
34785
1787
49570
28918
10542
13231
14505
48096
60353
40308
37329
52672
5168
53922
40124
59077
49920
46360
35409
48586
63100
37595
17563
37316
37721
60332
62607
54639
26284
34864
64012
54062
55581
64295
3899
49631
53732
16100
3284
55463
43419
2300
32742
24236
2536
57169
17355
54415
59392
2520
44722
31446
42146
35944
52957
29928
43815
41893
65534
63961
41461
60447
61317
548
40395
29361
49139
13511
37286
60644
28253
29946
36662
39421
52685
61018
38571
46823
12769
36584
45824
48517
27222
27012
50123
265
12721
39348
34632
39868
17862
31645
19088
49417
63267
18670
7566
54467
41706
56802
63928
35804
54928
60551
51592
36903
8076
13536
43803
7130
28828
49349
45824
61151
44182
23475
16853
729
57248
63279
44720
46480
36525
35302
54228
37813
51852
65389
55755
37930
40739
33851
39401
25543
43574
59998
44713
35511
59474
36834
62119
17922
45962
47083
55552
62920
64332
33088
17379
40923
35597
22500
48281
37261
48872
11404
51733
54686
7645
49399
55687
21635
33448
60821
63960
8009
51133
11967
65050
42679
35157
40187
10932
35904
51950
46132
34560
53690
3374
51818
64733
40398
49861
31146
43183
50612
56206
59353
40133
51904
42463
38550
38400
40663
42941
45470
35354
60057
36833
34478
37552
28825
38329
15908
58878
924
40258
50439
34560
35900
34838
37337
50644
21480
41678
3786
46798
58670
64063
63355
61479
61232
33913
45553
34710
4305
1559
48782
43230
55088
18620
33260
62799
4793
20385
1521
33187
41600
47288
10315
49920
57795
49822
48899
24526
64182
53399
48471
3826
36009
34557
42137
60868
38894
40949
32689
51968
55208
14730
63665
21996
36229
50923
47949
3762
27431
52436
3014
18328
13322
741
37909
34560
49420
35203
19442
53682
1906
39075
38626
63479
38546
8855
32030
62449
38417
57012
16152
135
39403
473
57940
4793
37280
61050
55656
34438
43905
63294
52852
22932
55206
63557
42651
49920
42729
60069
57498
43979
52154
44714
47009
42987
40695
64422
34696
45779
63709
45794
35971
50055
35219
35277
48624
45779
8006
58824
54012
59178
58807
6129
61680
43851
38795
42669
11234
49920
39097
64359
36923
10125
64239
23711
27324
57380
48821
23004
42906
63109
39426
38361
50832
3787
8176
34292
39070
60869
58670
34297
61114
65466
38760
52439
41916
56575
45367
45765
42976
49920
46576
40481
59276
55194
29253
16311
1228
1742
36537
39397
62189
5603
12003
647
40089
63367
62413
12451
42672
62170
46418
64620
26786
63402
25728
63589
46299
32922
52392
46800
33792
0
0
0
0
0
0
0
0
0
0
0
0
0
0
0
0
0
0
0
0
0
0
0
0
0
0
0
0
0
0
0
0
0
0
0
0
0
0
0
0
0
0
0
0
0
0
0
0
0
0
0
0
0
0
0
0
0
0
0
0
0
0
0
0
0
0
0
0
0
0
0
0
0
0
0
0
0
0
0
0
0
0
0
0
0
0
0
0
0
0
0
0
0
0
0
0
0
0
0
0
0
0
0
0
0
0
0
0
0
0
0
0
0
0
0
0
0
0
0
0
0
0
0
0
0
0
0
0
0
0
0
0
0
0
0
0
0
0
0
0
0
0
0
0
0
0
0
0
0
0
0
0
0
0
0
0
0
0
0
0
0
0
0
0
0
0
0
0
0
0
0
0
0
0
0
0
0
0
0
0
0
0
0
0
0
0
0
0
0
0
0
0
0
0
0
0
0
0
0
0
0
0
0
0
0
0
0
0
0
0
0
0
0
0
0
0
0
0
0
0
0
0
0
0
0
0
0
0
0
0
0
0
0
0
0
0
0
0
0
0
0
0
0
0
0
0
0
0
0
0
0
0
0
0
0
0
0
0
0
0
0
0
0
0
0
0
0
0
0
0
0
0
0
0
0
0
0
0
0
0
0
0
0
0
0
0
0
0
0
0
0
0
0
0
0
0
0
0
0
0
0
0
0
0
0
0
0
0
0
0
0
0
0
0
0
0
0
0
0
0
0
0
0
0
0
0
0
0
0
0
0
0
0
0
0
0
0
0
0
0
0
0
0
0
0
0
0
0
0
0
0
0
0
0
0
0
0
0
0
0
0
0
0
0
0
0
0
0
0
0
0
0
0
0
0
0
0
0
0
0
0
0
0
0
0
0
0
0
0
0
0
0
0
0
0
0
0
0
0
0
0
0
0
0
0
0
0
0
0
0
0
0
0
0
0
0
