32896
32896
32896
32896
32896
32896
32896
32896
32896
32896
32896
32896
32896
32896
32896
32896
32896
32896
32896
32896
32896
32896
32896
32896
32896
32896
32896
32896
32896
32896
32896
32896
32896
32896
32896
32896
32896
32896
32896
32896
32896
32896
32896
32896
32896
32896
32896
32896
32896
32896
32896
32896
32896
32896
32896
32896
32896
32896
32896
32896
32896
32896
32896
32896
32896
32896
32896
32896
32896
32896
32896
32896
32896
32896
32896
32896
32896
32896
32896
32896
32896
32896
32896
32896
32896
32896
32896
32896
32896
32896
32896
32896
32896
32896
32896
32896
32896
32896
32896
32896
32896
32896
32896
32896
32896
32896
32896
32896
32896
32896
32896
32896
32896
32896
32896
32896
32896
32896
32896
32896
32896
32896
32896
32896
32896
32896
32896
32896
32896
32896
32896
32896
32896
32896
32896
32896
32896
32896
32896
32896
32896
32896
32896
32896
32896
32896
32896
32896
32896
32896
32896
32896
32896
32896
32896
32896
32896
32896
32896
32896
32896
32896
32896
32896
32896
32896
32896
32896
32896
32896
32896
32896
32896
32896
32896
32896
32896
32896
32896
32896
32896
32896
32896
32896
32896
32896
32896
32896
32896
32896
32896
32896
32896
32896
32896
32896
32896
32896
32896
32896
32896
32896
32896
32896
32896
32896
32896
32896
32896
32896
32896
32896
32896
32896
32896
32896
32896
32896
32896
32896
32896
32896
32896
32896
32896
32896
32896
32896
32896
32896
32896
32896
32896
32896
32896
32896
32896
32896
32896
32896
32896
32896
32896
32896
32896
32896
32896
32896
32896
32896
32896
32896
32896
32896
32896
32896
32896
32896
32896
32896
32896
32896
32896
32896
32896
32896
32896
32896
32896
32896
32896
32896
32896
32896
32896
32896
32896
32896
32896
32896
32896
32896
32896
32896
32896
32896
32896
32896
32896
32896
32896
32896
32896
32896
32896
32896
32896
32896
32896
32896
32896
32896
32896
32896
32896
32896
32896
32896
32896
32896
32896
32896
32896
32896
32896
32896
32896
32896
32896
32896
32896
32896
32896
32896
32896
32896
32896
32896
32896
32896
32896
32896
32896
32896
32896
32896
32896
32896
32896
32896
32896
32896
32896
32896
32896
32896
32896
32896
32896
32896
32896
32896
32896
32896
32896
32896
32896
32896
32896
32896
32896
32896
32896
32896
32896
32896
32896
32896
32896
32896
32896
32896
32896
32896
32896
32896
32896
32896
32896
32896
32896
32896
32896
32896
32896
32896
32896
32896
32896
32896
32896
32896
32896
32896
32896
32896
32896
32896
32896
32896
32896
32896
32896
32896
32896
32896
32896
32896
32896
32896
32896
32896
32896
32896
32896
32896
32896
32896
32896
32896
32896
32896
32896
32896
32896
32896
32896
32896
32896
32896
32896
32896
32896
32896
32896
32769
32896
32896
32896
32896
32896
32896
32896
32896
32896
32896
32896
32896
32896
32896
32896
32896
32897
32896
32896
32896
32896
32896
32896
32896
32896
32896
32896
32896
32896
32896
32769
33152
32896
32896
32896
32896
32896
32896
32896
32896
32896
32896
32896
32896
32896
32896
32896
32896
32896
32896
32896
32896
33152
32896
32896
32896
32896
32896
32896
32896
32896
32896
384
32770
32896
32897
32896
32896
32896
32896
32896
32896
33152
32896
32896
32896
32896
32896
32896
32896
33153
32896
32896
384
32896
32896
32896
32896
32896
32896
32896
32896
32896
32896
32896
32896
32896
32896
32896
32896
32896
32896
32896
32896
32896
32896
32896
32896
32896
32896
384
32896
33153
32896
32896
32896
32896
32896
32896
32896
32896
32896
32896
32769
32897
32769
32898
33154
32896
32896
32896
32896
32896
32896
32896
32896
32896
32897
32896
32896
32896
32896
32896
32896
33152
32896
32896
32896
32896
32896
32896
32896
32896
32896
32896
32896
32897
32896
33408
32897
32896
32896
32896
32896
32896
32896
32896
32896
32896
32896
32896
32896
32896
32896
384
32896
33152
32896
33152
32896
33152
32896
32896
32896
32896
32896
32769
32896
32896
32896
32769
32896
32898
32896
32896
32769
32896
32896
32769
32769
33152
32897
32896
32896
32896
32896
384
32896
33664
33152
32769
33152
32770
32896
32896
32897
32896
32897
32896
32896
32897
384
32769
32896
32899
32769
32896
32896
33152
32896
32897
32896
33152
384
32769
32896
32896
32896
384
32896
33664
32896
32896
32896
32769
32769
384
32896
32896
32769
32896
32896
33152
32897
32896
32896
513
258
32896
257
33153
32896
384
640
33152
32769
32896
32896
32896
32896
384
32896
34050
32896
32770
642
640
32769
32896
32896
32896
32896
384
32896
32896
33152
32896
32770
32896
32896
32896
32897
33152
32896
33408
33026
32769
32769
32896
32896
32896
32896
384
32896
33796
32896
896
32897
640
32896
33281
33152
32896
32896
33025
32896
32898
384
33408
32896
257
32896
32896
33152
32896
384
32897
32898
32896
32769
32896
32896
32896
32896
385
32896
33028
32896
640
514
32900
385
32769
32896
32897
32896
32896
257
32769
32897
32897
32896
642
32769
32896
32769
32896
32898
32896
32898
257
33152
32896
32896
32896
32769
32898
32897
517
32896
897
514
33664
33152
32769
384
32896
32896
384
32896
32896
33025
32899
257
32899
33026
32896
32896
32896
32896
32896
257
33408
898
32896
32896
32896
32896
32896
33025
771
384
32899
1027
32770
33152
33152
33152
32896
32897
32896
32896
32896
32896
33410
32896
32896
257
32896
384
32896
33153
32896
32896
32769
32769
32898
32896
32896
32896
33153
32897
1284
32896
33412
33028
32896
33152
32896
32769
32896
32897
32897
257
384
32897
33665
32896
32770
32769
32896
32896
32896
33152
32897
640
32896
33410
384
33152
33152
33025
32899
33408
896
32896
34948
33794
1411
32896
32896
32896
32896
32897
32896
32897
32897
32769
32770
384
32769
32770
384
32897
32896
33152
33025
32896
32896
258
32896
32896
32896
32896
32899
384
32899
384
34561
34819
32900
32897
32897
32896
32896
32896
32896
32896
257
32769
641
640
33409
33409
32896
33152
32896
32770
32897
32896
770
515
32769
32896
32896
32896
33154
33152
33153
32897
33794
32770
34433
32896
32897
32896
32896
32896
32771
32769
32896
33794
34432
34697
1668
384
384
32896
385
384
33152
386
771
770
514
32896
32896
32769
32899
384
33157
1026
1029
32897
35457
32897
32896
32896
32896
32769
640
385
896
33159
32898
33923
32898
33281
32770
33409
33152
32896
32769
33664
32771
1025
33152
32896
32896
384
33664
32896
33667
32896
2176
32896
35336
32897
32898
32896
33025
33152
32896
514
641
386
32769
34049
33408
32771
385
32896
33152
33408
33154
33026
1152
33410
33026
32896
32896
32896
34049
32896
34695
33152
384
32772
35075
514
32770
640
384
32898
32771
33152
513
259
33413
33540
384
32897
257
259
32896
2052
33152
391
1797
33925
33408
32896
32896
32896
33665
257
32905
33922
34567
32902
32901
257
32898
32896
32900
33408
32898
33925
32774
261
1538
770
514
33410
33152
385
32773
32904
32896
33539
33154
34697
896
32896
33152
33153
33921
384
32905
33665
32906
34570
515
387
32770
32896
770
897
33543
33157
641
650
389
33414
1540
385
33030
258
35470
34309
899
33537
1795
33152
33027
32897
640
896
645
1287
33157
32899
35077
33427
32902
33410
32899
33152
33923
896
32904
640
34690
34436
781
35209
34819
33154
33415
904
35073
32772
898
640
33540
32773
33152
32896
32896
384
1157
32899
392
2176
33666
33553
791
33026
33282
34049
32775
34176
32772
35339
266
1921
2191
35073
33665
32896
33803
32774
2316
1666
2181
258
385
35842
35330
33409
33152
33025
257
33541
32899
35200
38154
5773
1420
1286
386
899
1414
2178
645
646
1664
34817
35968
258
1155
32769
1408
33026
34688
1924
774
33801
34433
640
896
897
640
640
33030
1408
33412
1546
1810
34722
35207
34309
33419
33027
34436
32902
35203
2049
1032
32897
33803
34189
32771
384
33158
896
32900
33415
32772
32904
32903
37771
1665
257
32896
32769
34688
1282
2944
650
3074
44052
260
37892
32900
32896
32896
33669
33794
32898
2561
771
1926
1540
33283
3462
33921
32771
1537
35200
32896
651
32901
35467
34050
33664
33152
33153
33413
32896
35463
770
33929
1330
32774
38663
1539
32770
900
385
32772
34305
33029
33539
32770
1924
33408
34178
33411
32898
34053
1152
1025
1288
1154
1408
34688
32896
33152
33152
32771
33793
33543
35215
32900
12045
905
38802
1664
32898
32898
257
33282
517
1542
2435
32910
34691
33670
33665
32769
34176
1030
33798
3200
385
257
260
32769
32896
32896
32896
33541
898
34441
32786
527
6305
384
37029
1408
32769
32769
384
33027
1793
2432
3334
35715
777
32899
1032
33153
33920
2700
1920
1797
33796
35841
33160
384
896
640
1152
32770
1796
1298
1929
5000
44673
34817
935
514
384
32896
33152
32901
388
1027
33924
34564
259
513
33926
515
1284
34441
1157
1797
32770
34697
33029
33410
32769
33408
33154
33926
33411
35217
265
32904
32813
516
1682
264
32775
34176
34309
1540
33152
644
37121
2561
32777
257
32896
32772
33925
34830
34947
33295
385
35336
33155
33408
33152
640
384
1027
771
795
36751
35975
10124
1158
1165
32897
34176
33411
33665
33028
33410
33281
1921
640
1285
35462
33797
1411
33155
1544
2176
1281
2177
259
32897
32770
640
33408
34305
33537
34437
37001
4627
1552
37298
32897
514
257
33412
387
32900
33664
1292
3459
34956
34688
780
1160
1668
1025
33025
2181
34818
33028
1538
33798
4235
385
640
2176
1408
1283
5504
6159
35985
5017
45087
35588
33556
35079
33921
33793
35204
33160
33416
1416
1545
2568
2063
32769
33542
33163
33921
33920
34051
33028
34697
515
1793
34688
33664
35968
36224
36998
37504
41476
3715
39813
15634
2688
3853
1031
1281
1538
1153
2570
1922
34817
1412
899
1028
1152
33412
1408
1408
33664
770
1281
258
35077
32770
389
384
3200
3329
4736
5248
8068
36365
1300
34225
35073
4354
34050
33025
388
33154
33029
36097
1930
33288
35981
1409
33920
640
33025
33408
33798
33152
33153
770
33794
34947
640
32896
34432
34562
33543
35972
39185
4754
2188
32803
1537
4225
33409
1409
33922
1411
33414
34561
35456
1795
33409
32771
32899
33282
1666
32897
1152
261
515
641
897
33158
770
32896
640
641
33284
2437
4508
36114
35843
9004
35330
1675
34176
32769
32898
32901
33025
1039
387
35720
33286
1153
34435
34176
32769
33795
33029
1158
33152
33408
262
898
33793
33408
33664
34049
35200
33799
36907
1939
33281
1689
1411
407
1419
642
390
1923
1413
32909
389
32771
1922
2178
1156
2052
900
898
648
33285
33153
1795
1797
1664
1408
640
896
899
1416
387
2463
32794
6920
52007
640
36742
34688
34564
33282
33799
33027
32899
33666
1153
34432
32771
33538
34179
32772
34050
34307
1408
33152
32770
33290
641
33537
33153
32896
258
2051
33026
35615
36514
39834
2851
2433
35978
902
390
769
2179
32898
33287
1413
2437
34052
32769
2049
640
386
32896
2305
34688
33155
1157
32771
33154
384
32896
33920
33793
34565
35210
34975
2596
34069
34241
35076
34177
640
32900
257
33028
32899
33025
33668
33028
32778
33025
33797
34049
32896
33281
33927
2567
516
33152
1284
388
32898
32896
1152
1025
33282
3589
4637
35230
652
48809
1416
33794
32897
1026
385
32896
33026
1281
34437
32897
2564
257
258
1409
257
640
774
33931
389
34696
770
32769
384
384
34176
34694
33676
36488
36506
4116
32900
3624
1288
32780
33034
33293
34051
33800
33539
34051
32897
34308
33026
33795
34688
33410
33409
32770
896
35848
33923
33028
33285
641
34432
33664
1152
1409
2824
521
3605
38033
42757
25773
33541
2183
1672
33412
645
645
387
32901
33158
897
769
33154
640
32769
259
32770
33669
1029
32897
33153
32772
1286
898
384
33408
33409
259
34697
36752
6945
7211
36274
35206
32901
644
33668
258
33283
32898
33793
34437
643
2053
32771
32898
33026
33153
514
34307
33421
33029
34563
33793
32896
769
32896
1920
1793
771
2568
8972
36774
2442
35896
33676
36997
33923
32903
33666
33414
33796
33283
32897
34946
1409
514
1281
32900
642
642
1028
34433
33025
32774
1664
33920
33537
33152
34432
34433
35207
35715
41109
2836
32777
7995
2327
33922
1028
1286
33027
640
34052
896
35200
33802
387
33664
32770
32896
33408
33152
33029
32769
1285
1921
1153
260
33664
32896
1408
1283
2944
1033
7177
38528
1039
37004
33675
1669
899
1797
385
769
1409
32898
387
1925
34688
33025
33665
32898
32897
640
33925
513
2179
32896
646
2176
640
1152
33664
33283
34053
34690
40456
4486
6548
43036
32906
32897
33284
897
642
896
769
33537
33666
33664
267
33031
33152
257
513
900
32776
776
34439
33921
385
1155
33922
33408
33408
33153
35335
32897
33410
33539
1030
35725
1669
32899
32770
34439
33408
644
32897
32896
33664
515
258
33152
384
32896
32897
384
33409
34950
1411
769
385
32896
1408
384
33152
32900
36609
32897
33419
388
35468
33035
770
32898
33408
32896
33152
33282
259
32769
33664
640
32771
33152
33539
32771
515
32897
32898
34179
34562
32897
32896
32896
32896
33152
640
896
35463
896
4233
33539
34050
1936
32779
32771
33152
385
32897
33152
33408
33152
32771
32896
32896
32897
33920
641
33026
384
32896
33411
33029
643
33666
32770
33025
32896
33664
34689
34182
33795
4233
1026
33538
33936
521
32770
386
384
33409
33920
384
32896
32897
32897
33152
33152
34176
769
33410
33925
32902
2052
32771
260
1413
896
32896
32896
384
32899
32898
32773
33689
32904
644
35091
33922
33033
33664
33408
32896
33410
33664
33920
32899
32900
33152
641
2432
32771
34437
643
3078
1793
1795
34561
33541
1927
641
32769
1408
1793
1410
2562
36992
34689
34566
3588
515
265
1152
518
390
1285
2064
33035
34566
35712
36882
35714
37513
660
35988
1671
2446
1428
4995
2309
643
2457
3587
1664
33408
33408
34177
34185
896
4874
2068
43907
32897
261
2822
1410
2438
32901
1290
2584
35216
33283
7057
37641
41890
49024
3609
34953
6406
35620
37276
38033
41253
6421
34696
36992
33408
33664
33541
33041
2702
33682
39304
3202
897
33925
33283
33412
33665
32897
34432
34817
37641
1153
903
36870
33431
39968
32899
4742
2706
8725
1545
35617
35208
2433
2568
3458
33408
33153
33409
2180
36482
33300
33307
4022
910
33173
36103
32897
640
34432
1281
5381
2693
2199
39074
38023
260
2694
2695
33167
37004
32935
38532
2706
45073
2058
35338
34309
384
258
33669
34432
9738
33414
2443
1945
33668
32900
32770
1283
1920
642
33285
771
35478
35200
278
2437
33282
2435
32778
2697
268
33284
35098
1796
4234
35206
5003
769
896
896
386
2821
36226
33288
2062
38047
1667
35075
1672
33412
33924
1408
769
34306
34442
33295
12160
32770
770
33427
1926
35970
34066
6153
919
41354
37406
6805
34817
32896
33408
33921
33797
36611
7050
36240
32909
36373
513
35077
384
33794
264
33411
33922
32904
37128
2830
1169
34439
4621
5895
260
34817
4480
2194
36997
34433
1040
2819
34443
385
640
642
257
2953
37644
1928
34181
6529
1793
2317
32775
32771
32772
1537
32778
34850
35227
5657
40065
5780
384
4496
35201
34306
33546
34206
32792
34189
33034
37256
1414
33408
32896
32896
34688
34313
2961
35201
35076
9226
2957
389
33667
645
1408
33666
1414
33156
258
384
36480
33664
37121
37769
770
388
32896
35082
33553
35588
33295
33664
641
33408
33664
34178
34944
34442
34574
1538
514
35217
34701
772
1028
33025
34178
33152
32776
643
39567
38556
36238
776
3463
2312
32770
2695
521
35345
34688
34305
36489
5901
897
1664
896
385
1793
2307
3213
3083
32899
32798
5514
33675
33160
33665
1152
33666
34050
33287
1920
35718
774
2693
34052
34181
32903
1156
34688
1412
33155
32897
3334
33924
34179
33664
33664
33920
34049
36353
1160
1028
34688
34561
34189
3200
32898
258
900
260
388
35201
33664
2688
1167
34442
3458
3456
260
2052
258
34823
34051
1542
519
1664
33410
386
1664
1153
1152
4234
34435
1287
3081
41230
4481
36609
34051
640
33408
641
513
33163
37518
39963
37129
5145
2702
34437
35717
384
32901
3972
33925
34693
32896
34436
34432
32769
33664
33793
35078
33802
33408
33412
1932
1410
35713
769
32896
33920
32896
641
769
1537
34433
34818
39308
6280
1287
32896
1032
32771
36232
1408
3202
33155
1157
257
33922
33025
33408
33408
34945
34695
33283
34836
37379
3241
5772
261
32897
2057
896
34054
33025
394
34817
5507
43529
7561
656
34305
775
1154
32775
33159
33411
1409
1284
1285
387
641
896
896
1795
3082
32769
35469
36996
2730
35717
32901
32900
32904
33921
1413
645
32902
33922
386
32770
38528
33408
34305
33671
1408
35712
384
34315
33921
35200
34308
33153
32897
33920
33411
33281
36741
1409
2704
2305
34188
515
32769
521
34565
33157
32774
33408
1548
34570
34440
2437
37642
34432
1027
902
384
36736
38020
32772
34432
1411
35200
33283
33537
1408
2177
3842
3712
2050
32898
8978
2305
34192
34440
34434
513
34563
33408
645
1416
257
33153
34953
33039
34820
1920
385
900
33288
32775
646
2689
33026
33667
32770
32896
33408
33152
34434
35076
34694
1923
32899
32788
773
32896
33408
645
904
896
33793
2056
4488
3589
34825
35340
33920
33793
33408
1025
34944
3968
35073
33542
32898
1152
32896
32896
384
387
33281
1165
33287
266
40456
11026
34450
36870
34562
33285
34306
34177
35456
35329
34307
32896
33794
32896
386
896
769
32897
33287
34178
645
33160
515
261
32896
257
32896
33281
1030
32778
33923
32777
35732
1672
260
644
645
386
640
515
2694
2181
769
32896
32772
33152
257
33153
384
34177
33665
1283
34948
384
386
33794
384
384
33408
33664
33155
34183
32773
34823
4493
530
34198
782
1025
32898
32899
33408
33284
32781
2432
32901
2178
34050
33543
899
32897
33026
33667
384
33153
1417
897
33794
384
32896
896
771
384
3075
34688
34050
1289
37278
774
1158
649
33154
33408
32896
32773
33153
2437
513
33157
2948
896
1285
258
1281
32902
2946
34051
33921
645
1408
32896
32896
384
513
33026
33796
2688
1032
33812
44301
36756
2700
33920
258
641
384
33158
32898
1669
32896
897
391
32774
899
32897
32897
34688
33798
1665
32770
1152
1282
384
32896
33920
33667
33153
32899
35205
36242
37776
33579
1564
33028
33288
32772
33026
32769
34052
34567
34176
2052
35330
34944
388
32773
33028
33922
33537
517
33413
34176
33664
33029
385
33152
33408
33153
32769
32774
34956
32903
33410
3591
386
32904
2695
32899
1666
386
2309
33158
1411
33541
262
34176
32771
1669
32896
33408
33408
2435
33410
1413
1412
33408
640
384
1152
1664
514
33928
4360
5389
8842
35224
34433
37122
34433
33281
34050
33664
640
33284
33409
33412
1152
384
261
900
32896
896
2306
36739
32899
32896
33664
32898
33664
33152
384
384
32772
1551
35976
513
33797
265
1410
1154
32897
32899
32896
33410
902
901
385
33281
642
1286
32772
644
32896
33152
35456
33544
386
1154
513
1154
32769
32896
33920
34177
34176
34952
2823
33156
37918
4247
34819
1293
518
515
32769
32771
897
515
32770
32771
32898
1153
33410
32898
641
32897
33284
1672
32769
385
33153
1027
32896
32896
384
257
641
899
34178
1155
1160
35588
1664
259
385
385
32769
32896
257
33412
898
32771
35203
33408
33409
1793
33027
896
1026
33920
388
33156
897
33026
32896
32896
32896
32896
643
32769
1408
37893
1438
3080
34318
1284
32896
33027
33538
33155
32770
33664
32896
33029
33157
37003
1037
386
33282
33921
33795
523
33152
896
34176
33028
389
32896
33152
33152
33283
259
2820
649
33281
4232
1932
33154
33157
32898
387
32898
32898
640
899
640
35201
33283
516
33153
32771
33154
33028
33154
1410
33284
32901
33666
514
32896
896
1152
259
2435
32897
33408
32771
522
34050
34176
32896
32896
32896
33664
513
771
33155
2435
32785
33803
34440
34178
1159
32769
1154
1027
35715
33413
1027
2050
33026
32896
33152
33025
33408
33026
3712
33034
35074
1797
32901
33411
33153
32896
33664
32770
33281
34691
1153
33159
899
32769
261
33152
33413
33667
32769
640
1285
2690
34434
264
32771
32896
33152
33152
33281
34176
34055
384
33930
3200
33026
643
384
896
258
897
32769
2688
34307
33924
34310
261
641
32775
33031
32896
647
1281
32772
35076
1409
270
33156
32896
384
257
769
1028
1158
33032
1547
38541
34436
33668
34179
33921
34434
33409
34176
35465
33411
2699
3968
4609
34179
32899
1289
1408
34570
32903
34050
393
33161
32775
640
896
384
896
32896
33152
262
33670
1671
35602
33664
261
774
514
1281
1796
1288
6528
33564
41504
33419
36992
34199
4506
34194
34957
33422
4007
5388
33556
39689
36995
33922
32896
33408
33408
33410
388
34057
3463
34965
14103
35722
35969
35074
35337
35592
33549
34819
33410
36870
33800
913
38919
33161
36242
33800
33551
33542
33411
32910
32905
33672
36226
32775
33026
32896
32899
1794
896
1920
1293
3101
7684
32902
652
33155
385
646
386
1026
1156
261
38666
264
38532
1417
1284
35329
32897
515
2561
2182
32769
34950
1286
33923
32897
384
898
33025
33283
33029
1423
4481
35375
915
1293
897
898
33665
1154
33921
32896
34584
2316
34189
1166
38034
34307
1166
35724
35211
32916
33286
33797
34832
35335
32769
32896
32896
32769
33152
1664
908
1034
35204
32806
33155
32900
1922
33281
33410
33797
33408
771
2051
33793
38274
650
33409
32897
33799
33160
777
35979
36225
2305
36743
34563
32899
1025
33152
33408
261
33031
1038
35461
37511
39183
33184
6026
33410
2178
388
904
2178
35968
1296
4264
33583
6286
642
32772
34947
2958
36481
2314
7820
42119
3084
2437
34176
33920
896
1409
898
33282
32916
1796
3088
44298
35846
34571
34561
34944
34306
33028
33920
34184
35968
35586
3090
1157
35200
35968
1294
33284
33281
1677
33421
32789
38148
34050
2056
640
34176
34177
33795
35593
33036
38536
37252
35083
1923
640
3459
32772
1540
32896
35588
1929
2573
38412
3762
5769
33152
2437
258
4485
35847
34985
1410
659
9861
34322
32776
896
32896
32896
32771
34944
36748
4370
7570
5541
34948
36482
33665
773
33921
1282
385
34567
33666
33551
37778
33408
34439
33284
1417
33025
1548
37124
1805
2826
35330
32900
33158
32899
384
513
896
34176
5123
35211
648
920
34433
33920
34820
33155
386
33414
32906
2945
1932
3210
36623
641
33046
36742
36994
33411
2569
38678
37889
40582
37764
1668
32773
34049
33920
34305
34944
34691
35202
3983
33807
14233
37252
34055
33547
33028
34306
32771
775
640
32910
392
1044
32770
1414
4354
33794
385
1666
3338
1152
34566
647
389
32772
32769
640
385
1664
2444
2695
34821
33045
1931
392
32896
386
32897
32769
34051
36099
1152
33677
34186
8964
5379
34944
33664
33027
897
34691
33669
33291
776
3458
641
1409
384
384
384
33026
33028
36617
32909
4498
3864
37766
2824
32903
33408
34176
32896
35458
5128
419
36756
33170
36881
2051
1920
2562
2050
774
34053
2432
394
33935
640
1794
896
32896
33408
32896
2435
654
34062
34437
783
2309
1543
32899
32897
32897
32896
2050
32912
37504
36357
37522
385
32896
1924
34693
33409
34693
1796
898
33664
2309
33152
33920
33408
1664
1539
771
2178
1802
2432
1294
39692
37514
404
32769
33922
643
1666
32896
3330
33698
33559
36771
39946
771
34306
1028
32773
1664
32898
32770
33666
36224
1158
1152
769
33920
33920
33665
34308
36756
34320
34827
39434
1802
33409
33033
1030
33028
34567
35594
900
37263
2063
35359
5249
32902
1666
34434
33410
34435
391
33920
33284
34051
33152
33920
33408
33408
33920
32896
33543
1029
36992
35200
33412
34433
35212
650
652
32898
33160
32901
32896
34201
5532
5927
35593
32769
33799
258
384
32896
1033
33408
514
640
32896
1152
384
33408
33664
33538
35458
36492
3972
673
39063
33544
34060
771
33795
32896
32772
32896
1026
35467
34178
4866
1669
32775
33537
384
32896
32896
33797
896
1153
257
896
32897
33152
2176
1920
1664
32896
3589
896
2435
33152
1156
642
33920
32773
778
32771
1289
32780
33420
32775
406
652
36743
34181
32898
32898
32898
1154
32898
33154
33408
33153
32896
32896
34176
34688
34432
34688
36994
1160
2846
34213
34058
2833
1282
32899
33414
386
259
33793
35720
34944
35456
35972
34571
32896
32770
33026
32896
32896
33026
32896
32769
33152
384
32769
384
32896
642
656
1922
36224
35075
34058
2178
33287
1667
32769
33541
33921
35200
258
33665
33415
34577
33154
514
33665
32896
33666
384
32896
32896
32769
32896
32896
33027
32896
33408
33283
33153
34432
35329
33927
37794
5516
531
2440
34181
261
1152
1152
1412
34692
33793
514
3591
645
32898
34825
33408
32897
33282
33025
32896
33025
33408
33152
33664
32896
384
32769
643
3459
1161
33034
2180
34689
2693
640
34433
32897
33665
34177
32769
33152
259
33153
32897
35457
32896
1795
640
32769
642
384
32896
384
32896
32896
384
33152
1408
1282
513
3712
1920
3213
6147
2308
33818
36354
386
35073
33283
32772
33541
645
33282
33028
33156
1412
35206
896
32896
32897
33281
33152
33152
33025
33152
33152
33281
32896
33664
33664
33408
33799
37250
32793
34073
4874
5003
644
2305
2433
1155
32896
33155
640
896
386
32770
896
900
32901
32897
32896
640
32896
384
385
32896
32896
32896
384
32896
32896
32896
1035
2054
33153
33922
1155
392
33922
33537
33412
33664
387
646
384
1028
33409
32770
384
258
33408
32896
33152
32896
33152
32896
32896
32896
32896
32896
32896
32896
33152
33281
33409
36749
3215
38556
37948
1029
1798
515
260
1152
33026
32771
33408
1026
32896
257
384
32896
384
32896
32896
32896
32898
32769
32896
32896
32896
32896
32896
640
640
32896
35074
2309
33669
1152
3090
389
34051
33408
258
33284
384
32769
32770
643
1540
32774
33030
33153
33665
32896
33152
32896
32769
33152
33152
32896
32896
33152
32896
33408
33920
33920
33035
35329
34178
8981
41088
5249
2185
388
33668
643
33153
33154
32899
771
387
1155
32898
640
258
384
384
32896
33153
640
640
640
384
384
32896
32896
32769
642
32905
2432
35077
35596
33028
391
1027
33152
257
33025
386
641
897
1026
640
33153
32896
33153
32897
32896
32896
384
32897
33665
32897
32896
33025
33281
32896
32896
32896
640
34944
35200
1793
37257
35333
2049
33025
32896
32896
384
33025
257
32769
1027
643
33153
33152
386
32896
32896
32896
32896
258
33025
33152
385
32896
33152
384
32896
32896
32897
384
33152
33026
33538
33152
34692
33920
32770
32771
32896
32896
33025
32769
32769
32899
640
641
384
33920
33153
32896
33152
33152
32769
32896
32769
33408
33409
33152
33152
32896
33537
32897
33408
771
32898
32901
384
385
384
32896
32896
32769
32896
640
384
385
772
33153
33664
33539
32897
32897
32896
33282
32896
32770
32896
32897
33025
32896
32896
384
384
32896
33152
33793
640
32900
32899
769
640
33153
32896
33152
33666
33538
899
32770
1664
33026
33283
33025
640
32770
387
1665
32896
33026
33154
514
32897
384
384
385
32769
32897
32896
1669
33796
1408
259
32771
33281
33026
32770
33408
32896
32770
33408
34054
1538
34060
34435
33028
517
32770
32773
34434
33668
33153
390
34177
32896
32896
33408
33281
33793
33538
33539
35843
33684
1795
33159
514
34176
33924
32899
34694
36235
927
8066
1152
5379
37897
34328
38786
3969
3341
2819
2058
4613
2063
35860
34176
37384
36355
640
514
1538
2569
37643
43167
49827
15135
2696
2072
3587
33665
33542
34176
35080
4361
37395
4507
36626
5890
6558
41220
1805
2067
4612
32901
35722
4102
4867
4119
5377
4737
32896
33153
391
4224
36225
33542
35392
4036
37144
35088
3074
32898
1152
34313
33550
4099
5513
2841
1538
34827
35079
36098
2454
3468
3216
33027
2947
408
43907
40456
36480
33796
34432
34433
34689
35460
1810
33669
2440
2203
899
34945
389
520
33666
36233
37267
897
4106
36365
4498
2572
284
33162
33801
36867
33281
1794
33930
35077
32906
36367
2312
1665
32896
33027
898
35201
659
6421
8961
33201
33929
914
33668
517
33926
2181
4482
34701
35970
1284
1037
2440
5641
641
33920
33417
3211
33675
1796
33152
5762
40858
33039
32896
1152
896
769
2305
393
32903
35724
33699
34562
32897
34945
263
1926
35846
32781
1029
3585
1417
1426
1929
34950
35086
1412
36097
4103
36484
32774
33671
35338
2432
35204
33027
384
640
32770
33152
35991
5635
1159
3851
37903
36225
32775
35331
517
34050
37894
1538
35357
2053
36761
2056
5508
39426
1294
910
2192
3614
40085
3848
2563
32899
385
1152
34432
34176
33412
35587
40368
38273
38540
33304
2699
32899
32771
2181
899
32898
405
1030
33664
34448
36657
38272
33422
37249
32904
1172
33290
35076
2327
1408
37787
35606
32899
32770
640
897
1408
1541
43687
260
3089
34962
35968
33668
643
395
388
2434
32777
642
36617
38808
29824
8476
39178
2177
34176
2050
4224
38280
34688
34568
37784
35202
3588
32897
640
513
513
1281
43687
32901
2693
43271
780
1812
33544
33028
1283
34565
32786
36233
3354
7457
33726
4241
3733
5781
34066
3588
34698
1167
2322
648
33960
35729
3079
1664
896
1152
1409
1155
45205
1411
34179
33035
2439
640
1411
2688
1925
1921
34188
4108
7053
4228
38731
43304
40732
268
3460
33288
35081
2861
39302
36103
40327
39307
38405
37249
34944
34688
34180
34948
45965
35460
33286
40585
33920
33153
34688
35976
34177
36737
37002
35857
37661
38293
24359
7700
6665
272
908
32899
37890
32772
3843
2049
1793
1040
1288
1793
1664
1408
3200
2181
42500
1796
4992
2307
33418
33152
1537
32774
640
1542
4373
4097
4104
4896
5031
34200
34956
7305
32900
1154
32772
6020
36224
6030
37248
33810
34688
33409
32896
32898
32901
33417
42506
35456
37249
397
2592
32904
32896
32896
1283
33664
35204
33284
32771
5837
39467
39204
536
33290
35082
34818
36370
37149
1172
35854
34054
36483
258
32771
640
896
32896
770
39970
519
36354
645
3207
32900
34176
34053
32896
1540
33287
34325
2310
32821
940
35462
2698
2191
2186
1669
35207
1174
2569
35845
33541
3467
3585
2176
33152
32899
34179
904
35096
516
35461
1556
3853
34316
33538
33284
33411
33921
1410
37122
4752
33801
35600
36121
34051
34179
36740
34818
397
4491
898
35725
36484
34056
36612
35073
33408
33153
33922
34051
2589
32773
1043
1806
32924
643
643
33664
32774
32901
33921
34694
40706
37264
9354
2199
10001
2826
4871
1160
40213
521
6278
3465
1411
1164
1282
2176
1152
897
899
1539
8201
3841
6159
773
1026
32774
32776
260
33154
1548
33287
3716
7169
12058
41736
34049
49057
36224
34701
38672
34205
34186
1154
34437
1538
33285
32897
34176
33920
34176
34819
35079
5504
35467
35970
529
32772
2952
32904
33670
33155
33420
2952
35975
37530
695
13909
32780
37923
1152
1287
5636
40208
34587
36233
4101
41739
35585
33029
33665
33920
34176
35074
36738
3467
33153
34197
35208
33544
34571
34178
33028
33410
33282
34690
33285
39556
40996
16811
3234
14339
7296
32896
1413
4356
1423
34575
33799
34050
1921
3459
2432
1408
1025
257
32773
6297
642
6026
42257
8842
902
33155
2052
2049
1028
898
5505
2822
3856
38334
34183
2469
32914
32784
33920
37267
35330
35457
35208
35463
34443
34565
33920
33152
33152
33408
33408
35490
640
32901
32775
1666
1155
33283
32771
33924
33154
769
769
4737
1152
47750
39432
38283
33923
396
390
35342
37394
32902
33165
1539
32904
32771
32770
32896
32896
32770
32897
38557
35336
40979
41372
8342
33285
2947
647
33152
33415
33667
1413
37792
38542
286
517
34567
2305
265
33041
2440
2446
33282
33929
2055
33155
33281
32769
896
896
32772
2186
40067
1920
35718
36357
34435
34564
2052
32769
384
32773
387
261
35850
2831
33669
33418
33937
33155
3585
3078
33285
1807
35712
641
32775
34434
642
32896
35456
35457
35968
34947
37007
36992
33423
33434
7057
3334
259
1664
32897
33668
513
32901
38147
898
35347
1549
33409
35078
33152
515
900
388
517
2308
33410
258
34307
33152
2176
2176
1281
3844
34824
2437
10882
32949
37271
32904
34434
33670
33155
32898
32771
2182
33664
38148
5257
6032
641
782
32900
2050
33540
2563
33920
264
906
34052
33027
33281
384
387
32896
33664
34436
1291
780
653
32900
1538
517
776
1027
32775
32774
1541
33801
3080
33668
391
37760
34052
260
33921
33664
33283
643
33797
33545
33667
1026
1153
32896
32769
32770
32775
33549
38028
37138
14737
33680
35466
33411
33670
33668
645
33412
905
3731
32902
35082
33056
1539
35841
34432
1155
640
33161
33281
34953
35335
643
32896
32769
33408
34176
34049
35203
35204
2051
32769
1153
33153
33028
32897
32771
769
263
1796
385
34062
6528
1421
35717
32770
33795
33920
33664
32769
32773
33160
1163
36225
32900
257
32769
896
513
898
32772
4097
35080
1711
9513
39060
35333
34690
32899
33152
2182
34688
32773
6308
6449
44807
3881
34961
33546
258
36104
33289
34952
33924
2435
34176
34946
772
33664
33664
33408
33664
34307
36998
3592
1813
1158
35968
34176
33027
33155
32896
515
33026
33805
34569
33544
5135
9103
4253
1160
3456
1152
2688
391
33539
33030
1666
1931
1544
640
640
1152
770
388
35472
34696
33540
781
34054
1408
515
32769
896
32769
33281
772
1923
36994
2821
34440
32896
33921
32770
32896
32904
34313
33155
644
1041
32772
33408
33153
32896
33281
258
33921
40848
32771
2180
3083
1408
643
33025
33152
33794
32770
32770
3970
35214
2578
899
33029
33805
32902
1408
32897
35592
519
384
33026
33152
33671
33799
33152
32896
33408
32896
33408
38537
32770
33285
32769
386
32901
33152
32896
385
897
899
34446
34821
2688
33287
2187
33028
33542
32773
257
1152
258
386
33284
33666
33543
1923
1408
896
641
1282
770
35078
642
258
34945
33029
33921
32769
32769
770
32897
513
2308
32774
33537
34433
1673
34950
34952
32901
1152
33410
34052
34432
35209
1669
33164
32769
32769
33152
33408
32896
33920
37649
1281
517
35716
32896
32896
32769
33412
34182
258
36224
1667
5779
1409
33805
32896
34055
35588
33664
264
34309
2432
1031
33153
2320
33931
33154
33409
32896
32769
32896
33410
32778
32899
3204
39429
34306
33285
33155
32772
269
896
1152
902
7943
3843
35075
33545
33415
33410
34692
35591
2819
2305
1158
1411
35201
33930
32774
32896
33664
33793
33283
32903
2564
34057
1152
40070
35076
35334
36236
33285
33923
34188
32901
405
1679
34976
2944
4866
32779
33034
391
34432
33923
403
1414
32770
32905
1667
1412
2688
896
513
1027
33667
777
900
4738
45593
4226
3725
901
1920
2818
1027
2568
4736
6789
12441
6417
44729
33171
34962
36225
33164
33032
1679
36485
35333
2196
38916
34701
34688
33920
33409
33159
35461
32904
35076
35980
36105
35847
33664
33031
32769
34818
34950
36354
34688
32896
34322
6041
35617
33801
525
32775
1410
33800
2066
33921
1031
1804
7568
643
34944
384
384
32770
1281
2061
384
36741
676
5504
34184
2311
1165
772
33666
6148
7707
6413
42123
38016
5009
33152
39685
2948
1158
35718
32900
2054
4227
4506
34319
2688
1408
32896
32770
32896
908
32907
266
3077
34961
37507
645
260
33793
33154
34050
34691
36233
258
1302
4876
34688
4738
6660
36099
33539
265
904
516
35592
2313
2446
33159
33408
32896
32896
32896
32896
643
33680
34955
5250
7557
3349
35077
262
33800
1156
776
32781
37264
6168
41880
1305
35981
33557
33410
35461
33808
1949
39949
10624
40848
2063
643
641
32896
33152
33154
2052
36098
3599
1805
9612
35218
33413
33672
33927
33156
33796
32903
259
34314
5269
41231
651
33920
1932
519
34052
1410
36741
1553
34441
33675
1423
32770
1410
384
32769
640
1154
1408
34695
651
35077
33926
263
1799
523
32771
32901
33920
35971
39571
6550
12085
37664
34191
6531
34180
1930
33296
41618
2964
32793
37271
34181
34945
34432
32896
33152
257
35332
37378
4233
33804
4144
2963
34188
392
649
33922
515
32896
32777
34574
37001
4754
2187
34825
32896
3204
2561
32900
37504
34563
32913
520
899
900
896
640
641
32770
1030
3077
33802
34315
3331
35074
779
769
32774
773
34569
520
33152
37900
32908
1161
38021
906
1681
34185
1679
3218
1281
3331
5251
37768
36873
33793
33664
34176
33793
34817
34689
35586
650
32909
33827
32948
36742
34434
1154
33923
32908
33933
32909
38915
39966
41344
32785
35859
35336
32772
266
33286
34309
32775
1153
35201
2695
1411
1665
384
644
643
33925
2951
35842
34953
769
35593
33664
33545
32769
1540
257
32773
1537
39441
1417
38932
36750
34317
34820
32771
33668
33537
33806
384
33671
32896
35989
33025
33920
33408
32897
34305
33284
34316
2432
1040
42892
1972
32772
2440
34438
35459
33154
2561
3220
42379
34583
11140
34191
35591
1028
33411
33155
33793
3467
2692
257
36872
4736
33800
33664
640
384
384
2447
1168
33288
1798
36617
35848
33541
32898
32770
1541
32897
265
264
37400
36113
3988
2184
33026
32777
258
32896
1027
33803
33039
1154
33669
1541
34305
32897
33920
33537
33794
35588
35329
35464
39305
34955
2720
7045
32777
1670
32896
2181
32897
2441
36118
1949
32788
34957
257
391
1027
32897
33673
32770
6280
37251
35844
34323
1412
1152
896
1664
1157
4355
34188
3085
6023
32926
38281
33927
35073
34176
33920
33800
390
33548
33032
33542
34438
34944
33920
33921
386
33157
33920
32900
32769
1800
36738
36739
640
33408
33152
32896
33026
896
32775
33934
646
38281
33672
1156
2179
2055
773
644
898
1538
33556
33037
35975
770
514
34049
33026
32896
1668
33290
33028
3211
32902
1283
261
33664
384
33152
1664
33539
37258
2308
33815
14728
35741
37258
32900
33157
33923
33796
34307
34696
34950
388
2832
1285
33664
32773
33920
32769
33798
1286
2561
35334
33543
1281
32778
32896
384
32896
33026
518
516
35971
35587
3215
32772
1025
32897
34562
32896
33794
33409
33410
388
33285
3726
3202
1284
1920
33794
32772
1920
33922
32899
1161
32896
32781
521
897
33152
33025
513
33153
38017
3713
659
12325
40352
34586
32775
514
33409
1409
33921
1285
524
1926
1419
1158
34436
648
33283
646
33413
36745
32907
36356
34691
904
32773
1152
384
1152
1412
33920
1283
35456
33671
1285
32776
34825
519
898
769
259
385
384
2178
34051
34177
1542
34436
33410
34436
33925
34561
2178
33920
258
2185
32770
35200
34176
384
384
897
32772
35588
3968
7704
38450
41388
3716
33671
1025
902
32770
1026
33284
2688
1424
39180
773
776
32902
896
522
32896
36480
33412
3973
640
387
640
896
32896
32772
33921
32909
33156
35847
38919
36112
2313
1025
34179
32769
33539
33285
34056
32896
32903
34435
3852
2311
32772
387
33540
384
1152
769
33793
35457
32899
896
33152
33664
33152
33540
514
33797
36111
1025
39173
41736
37012
417
2704
1158
1672
906
1925
33538
2180
32779
1428
34188
897
898
901
1026
1408
1664
34058
32899
32906
2820
2432
1408
33408
33666
33159
1928
34452
33665
35226
48256
35862
34826
33550
33544
33798
34310
33541
34567
32896
32899
32771
33543
34688
34053
34309
33539
33664
257
265
32770
33025
34310
34818
34688
640
513
33027
32896
519
398
3843
34944
2176
33160
33155
33414
32899
640
643
642
898
1289
33938
32896
32900
1409
33412
1408
33026
33537
2309
32771
514
2435
2176
1408
32896
32897
640
33282
36752
32784
5911
36811
39175
34321
33286
32770
33152
33152
32771
32896
1408
2690
38922
35714
33029
33666
33153
33409
32769
33537
33410
32899
393
33540
33408
33664
33408
32896
33794
260
32775
35210
36486
33424
2436
34180
386
32898
640
32900
33153
32899
388
34181
3846
1409
33025
32769
515
32769
1152
384
770
257
257
33152
32897
32896
33152
33153
33282
33667
38545
3206
39047
10407
37402
4354
32897
33541
33025
772
640
34049
33028
33798
1169
896
33155
33026
33154
33153
32896
1156
32896
32896
32897
385
32896
32896
896
1153
1155
32770
1408
33153
1538
392
1667
770
33668
386
32896
32897
32896
384
1152
1412
34944
33798
33664
32896
259
33026
33664
32898
33152
33408
33664
33284
33409
33408
32896
32897
33152
33408
34561
32896
384
1920
33801
33540
385
32770
32896
32769
33153
33283
1284
32771
33923
32898
33026
900
385
385
513
260
258
640
34307
33921
1152
384
32896
384
32769
32897
388
33793
33152
1027
389
34178
897
384
33411
33154
33539
32896
32903
33157
261
388
32896
33029
33664
33025
33281
32769
385
33152
32896
33414
32896
32896
32896
32896
640
32769
33667
32896
384
1670
770
33153
32770
32896
32896
257
258
32770
33665
260
33163
2437
387
32769
32896
259
896
34050
1027
1667
640
33410
32898
32896
896
896
1538
1408
32896
514
2054
515
32774
386
772
32896
387
267
33025
34180
33542
32908
2704
265
902
33798
1666
33026
34183
34571
34697
32775
3202
36876
35086
34432
384
513
1152
32896
33411
1029
269
32773
34059
34947
32783
648
34313
36230
34956
2189
6660
35120
39049
43406
5673
40332
40206
34053
33414
5894
648
36356
3225
35642
4098
1152
33152
32896
33797
35971
36880
406
33290
34860
4364
32901
33027
34433
33411
32771
780
1794
901
4480
42884
36612
35107
36625
4736
5639
35347
8832
33686
3338
12433
37637
33032
1156
896
1152
33027
35204
34569
1032
4627
35097
2179
1664
1544
2305
4230
3335
32792
33542
4377
35216
1823
36118
35851
3602
34821
3076
4492
32782
33035
2703
38540
38540
38152
32899
35200
35712
35206
34177
34818
35339
43531
41754
1168
403
1159
34819
35589
1438
904
2693
33163
38671
34198
33550
35330
33664
2689
261
34176
35337
34695
2056
33152
33417
2317
513
32896
32900
34436
34561
769
643
34970
38051
2178
4872
520
773
259
35206
34434
1282
33920
515
3464
2827
35096
35591
2176
35841
33152
35459
1411
35208
36234
37764
33034
34562
32896
259
384
33797
36620
1045
37669
35050
32921
11672
662
2443
1926
3482
32773
2829
33921
2697
4495
1410
1667
644
515
1409
2188
32785
35465
1799
35857
2316
35073
384
2688
2944
3968
2948
4239
6797
17824
61265
37132
34565
36995
33802
34817
2829
34818
34574
1553
5385
40963
34961
33159
33154
36610
32900
1555
35970
33800
1027
35714
36363
33804
33152
36992
36609
36866
38020
39169
43148
56460
32905
8452
35854
32902
3846
260
33926
32908
1793
33537
35727
6028
528
518
1549
2055
775
33293
2690
5132
33929
4762
32896
267
1025
4480
4353
4867
5248
4097
9237
20795
60650
38557
41740
35460
32902
388
36490
1029
4614
33289
526
395
2446
33671
1669
33152
392
34178
33416
2574
3714
1812
34433
34432
33664
35968
36483
35462
36993
34185
40096
44248
5483
537
3357
33050
2824
32779
34817
32783
33664
32903
647
37904
32789
32790
34315
35330
35087
35341
35841
1810
35343
33799
3206
262
33152
384
32771
384
32783
34319
2075
593
33270
35238
8375
1932
2202
32910
2963
1163
919
3203
34576
5769
1920
904
1928
1664
2692
33934
1418
7691
2180
1799
3971
2688
2944
1408
900
1154
2446
3228
2961
6859
37742
35377
38019
33809
32896
33290
32781
32779
2314
33800
1288
36879
35346
35968
35200
34561
35460
33927
32777
641
36225
38276
35712
34562
35457
33920
34052
34563
34821
275
39181
46133
26327
7064
32772
3462
1171
392
1537
1410
1796
2436
776
4097
2570
34435
32897
3462
1283
1415
34435
5378
4738
2054
34179
32769
769
1152
1152
1923
1408
32900
7565
18844
54569
42368
535
34176
35200
34944
34316
35713
34193
34573
3207
33667
33289
1802
33541
33408
33028
34190
32899
37140
513
34704
3712
259
896
35456
34945
36228
36224
37257
42503
55044
26377
5130
5007
2951
32905
1921
32773
1922
2442
2440
5518
33793
32784
34696
32902
647
1284
34184
32897
33152
1164
3976
33541
33540
33408
4480
4224
5634
5897
5904
10754
24094
59289
39829
41606
36492
38024
34949
37894
32898
2051
35586
33415
3205
2054
1669
899
32896
1922
33156
33409
1284
267
3333
1160
33157
640
36992
36994
36737
38277
42127
40075
55981
16699
5653
4633
781
33809
32776
35848
32774
36367
5762
3463
36357
33152
3205
257
33793
1286
33793
34817
1026
35457
37507
2183
1025
33408
3200
2819
3587
4353
6920
6925
17722
53694
38295
2204
34698
35078
34697
35985
33411
33161
32901
36235
1926
776
33673
896
32897
32896
34695
644
1537
1676
920
517
34824
1152
36224
36481
37248
36739
36481
39834
47288
17715
6163
32770
33031
2834
1287
34192
263
644
32770
33409
1283
34945
32779
384
260
259
33664
389
2322
33026
3074
34181
34947
35074
3200
3200
1796
2305
3203
7453
13637
46821
36511
34049
33668
2185
395
918
1920
1797
33409
32769
33794
1540
897
386
390
32900
33664
34178
6159
33541
35092
769
1028
898
35456
35969
35716
36231
32915
39063
45513
7494
1317
2075
269
1287
34315
1683
34060
34069
34052
35081
1164
32775
1285
33025
34059
33027
34058
33289
3600
33664
35980
32896
32897
513
2688
2052
2565
3596
1052
4365
10826
40411
32921
34716
2194
1177
1164
3240
904
34181
3472
2441
1797
896
33416
32899
3202
393
2432
33670
3848
2439
4240
259
258
32896
35456
35970
34949
34953
38806
33939
41666
11328
33558
38169
33038
34058
32776
1677
34568
35202
34318
33807
771
33035
33548
33541
770
33029
33801
33543
36105
33027
521
33673
33665
33408
1152
769
1283
2176
3457
33554
824
5614
1682
32908
1161
33933
904
8327
642
1158
34185
905
34178
32899
2944
32770
392
33152
33540
1168
1797
33921
901
1797
33284
384
896
898
642
647
1414
2714
9921
40525
39958
5904
33038
35594
33808
531
35074
36614
32770
35331
2566
33030
390
32896
33664
33030
34823
33667
3602
32897
34051
35463
33153
33537
34432
34688
34309
35589
36870
40464
52011
31411
11656
3752
2191
647
1158
34948
2700
2963
1408
3200
33156
1793
34947
33664
33668
32898
36481
2052
33025
388
1157
2826
1920
1664
3968
4480
4992
4099
3843
8072
25740
51479
42241
41231
37121
36614
34434
38272
33797
2573
36743
37505
640
384
33029
33026
34305
33664
35843
32896
1413
384
1288
35715
33794
33921
36992
37249
36482
37253
40085
40449
55449
31789
7947
3366
1291
270
520
33411
265
33552
1152
1283
34438
34049
513
32899
33283
33920
34177
34176
1922
772
36480
2817
769
32769
3968
3968
3846
6402
10248
5396
20787
50581
42383
1177
33931
34951
33672
33933
32899
34703
32770
35843
2181
1283
33158
388
1539
387
33671
2432
4354
33408
1671
34566
641
384
36480
36353
37251
37252
40064
39571
50122
27755
5898
642
2827
784
2309
1543
777
3339
33537
3077
36739
34051
35845
34821
32771
33027
652
34690
34317
33665
35330
773
32897
33152
2176
2049
1920
2055
2052
5670
12117
44515
35749
38046
33680
32900
33930
896
33161
37256
1674
35213
5891
1283
3968
2433
3201
2179
6277
640
3202
32774
2567
33669
1025
640
32896
32898
32904
32902
1156
33440
461
38016
34080
35876
34067
32790
33037
33044
32774
1665
36880
33552
36487
33284
33152
34565
33537
35075
35090
34182
34566
1162
34432
514
32896
33152
34944
35329
35075
35843
38660
34065
43571
14795
5790
6913
2696
2950
2182
1666
1923
32777
4495
3466
34570
32774
650
641
901
33923
34447
2439
3968
34311
513
33923
1920
1153
2688
2177
3075
4993
7559
3586
11651
61314
43139
769
34944
35457
34946
1537
34949
2441
39431
39813
6409
1806
33670
32897
1538
1669
1946
37395
36878
32901
652
34818
32896
33920
34944
35200
36224
35714
37892
35739
41651
14166
3623
4482
1288
267
521
787
34311
37901
7938
4108
35234
2693
1932
770
513
2054
2346
33172
2448
32769
2179
35204
33027
33408
1408
1408
769
1028
1666
1317
35404
8175
5265
33946
1163
1928
2181
1026
4997
6146
35726
34059
41989
1036
35466
34049
33284
36865
39810
4623
33028
34567
2833
34049
1669
32897
640
1153
899
1920
3083
33682
6832
51733
42011
40202
35209
38272
37761
37253
38793
44184
4750
32905
34875
2338
33283
34950
33157
33160
4009
41484
36132
39681
45081
32897
2050
1664
35712
35714
35200
37248
41736
262
38536
18439
9989
1304
1924
2432
1797
4354
2306
11281
42141
38934
16818
32900
2183
36225
33923
2054
2584
2179
38802
2177
36523
33408
33026
34307
2944
3842
2562
3594
4612
2065
2861
38612
32924
2818
32909
1414
1664
899
390
263
12819
16404
44950
36754
33538
35206
34689
35841
39956
33929
1922
4501
8085
36874
1282
896
34176
33408
33924
33411
34949
7313
6314
40281
38407
34822
35077
35077
34176
35586
35456
1156
36008
37781
3930
33566
6158
264
36612
34316
34711
33309
35208
39440
34321
5008
33794
34177
35456
35073
35203
34688
34704
42766
53541
29878
7173
2460
1408
769
513
32770
32773
35587
33308
277
21689
2434
10133
4738
3210
5777
9353
386
2447
37504
40065
1027
2690
1920
6016
5891
6657
6403
6937
12168
29187
65177
40332
35725
34561
34944
32770
1416
1541
5383
1157
8579
49561
36616
39572
37767
33928
35079
36377
34962
36493
3855
35730
33414
33664
33281
38016
38530
38016
39308
44176
40323
53420
19555
8465
2571
32780
33283
33029
33922
35200
39297
650
32932
6473
32782
35341
33282
33025
32772
39426
1035
1538
33026
649
35591
33668
32896
2432
2561
2568
3588
10261
32783
9020
39643
38052
33414
653
33677
32903
34184
33419
652
36609
37507
12460
4994
1029
2690
2693
2186
6534
32896
33920
3202
32771
33668
770
385
33152
32897
33667
896
35980
3987
1716
35404
284
36636
33035
32777
266
1549
525
2577
4619
3350
42676
39040
33797
32769
2176
32770
4627
36744
1930
37760
404
33037
33408
33920
34432
34180
35204
33414
902
38925
40988
6301
905
2688
1924
900
32899
653
33417
33425
649
4766
40032
35096
1029
35331
32769
32904
39559
6914
33026
4099
2822
33289
32769
33152
1664
1281
1027
1283
34840
3987
5253
41367
32913
33681
33152
33027
33282
34432
33921
35080
38019
44547
19608
6927
2177
4226
3078
3463
32908
7431
2179
258
2824
2438
1153
1153
384
32897
513
33924
33179
2320
2945
3124
34577
33166
32776
261
515
33291
32770
516
2317
5938
43966
38146
33679
33168
33664
32771
6147
39311
33538
34187
34062
32899
33920
33537
32896
896
33029
779
3860
39300
37641
7318
1682
384
390
643
32901
1155
1155
3971
2200
1955
43848
35603
35593
521
36365
35200
37638
4992
514
34562
34688
1026
33408
33152
34688
34178
34181
34176
39297
6016
10129
45089
33810
34054
33154
33665
34432
33160
36482
35211
33801
38533
16394
1282
1410
1408
395
33537
410
34311
1664
524
32775
1538
640
640
2176
1409
2178
2688
7048
38158
40724
5400
2443
274
1409
515
1796
32774
771
33036
35330
1929
2988
33415
32903
642
1931
1664
5248
36227
34567
769
32770
32900
32898
32896
33664
34566
32771
34561
39451
3220
2185
776
1794
34952
33419
32904
390
33026
646
33667
1296
3463
37250
33038
36992
32897
1157
33282
36106
2949
1154
1413
897
33793
32896
32896
32896
260
33153
32909
1190
32799
3599
43010
36481
259
34562
33664
34309
1408
32896
3340
37765
40321
2688
1025
34056
642
1160
33665
33926
34053
34309
32771
33920
641
514
32896
896
1794
770
2052
7712
34460
36753
35604
3851
34707
34308
32774
258
32902
32896
34054
1922
34441
36235
33921
1153
1667
33410
384
384
33793
32774
33155
1155
32898
33152
32896
35200
35201
35205
35842
40709
2315
35342
37549
405
5257
1285
1153
1925
32769
384
33419
3209
34443
34570
33298
1795
32771
33028
33027
32781
647
33667
32770
33408
1409
32896
640
2432
1667
2692
4227
4224
906
5529
47109
34826
34314
34310
33796
34049
1548
32772
776
34053
36630
3211
33667
34694
34951
32897
33152
35969
32769
257
33153
33025
33538
33408
33664
34176
35073
34433
35712
37892
33668
39180
33437
32776
4874
4736
1412
1152
1671
898
644
3846
1542
38017
384
33284
32898
2432
643
32771
34176
33163
2177
515
520
32897
384
384
259
1665
32899
903
32770
1795
43684
3470
35849
1930
33152
386
34436
33152
387
34564
33157
2698
34176
33799
1153
1410
901
33408
1923
1028
34053
34186
34313
33027
33152
33152
640
385
34050
897
32905
36752
907
33288
35200
395
384
643
1798
33282
32902
517
3854
35720
32769
35456
642
2049
1920
32773
34701
33800
34305
1286
32901
32772
32896
32896
386
640
258
32899
32774
3090
33989
34180
35842
34948
33794
33027
1664
899
2565
33670
403
33290
34566
32776
33281
33029
896
387
266
1046
33667
32896
33156
33408
32896
32896
32898
33537
896
1921
34176
34958
1694
2579
32905
34818
261
32771
33153
33281
1034
523
772
913
1667
33798
2305
1028
32896
32906
265
4620
36483
1546
33418
33542
33664
32896
33152
33027
387
33284
388
33665
9121
32900
2952
33800
1408
32896
33408
33025
33800
2444
32898
34432
33796
34307
2946
32770
32896
33920
33540
34432
4369
32782
774
33412
384
896
1408
32771
32896
32897
2820
8457
5534
34818
641
34054
33793
33665
259
32896
34176
32770
898
520
32773
1673
1034
33152
33924
34689
1793
33028
34183
34439
32896
1408
1152
34176
34049
34180
34049
34184
33665
39567
18824
34317
2831
2308
32769
514
899
32769
32903
34176
34176
33920
645
33027
33921
33027
32770
396
2051
640
34181
1925
34308
33283
33920
896
641
642
1030
3458
2561
5907
5021
1666
35844
643
32897
32897
34179
33409
33667
259
34568
903
261
35330
2181
388
640
1028
33926
33671
2317
33027
34310
32769
384
32896
384
385
771
33033
32902
33676
9755
1158
32771
1409
1152
1152
33028
770
769
35204
3846
35335
35073
267
33413
32772
32770
32780
32771
515
34434
35200
34567
1925
32896
32896
32769
384
384
32773
1544
1814
2446
34445
33158
32900
32900
32898
32896
32898
33411
33667
35971
2437
33157
33925
1027
775
644
513
513
35719
32779
34563
34562
32897
897
32896
384
32896
32898
388
34435
33416
34591
33800
901
33410
32896
32897
33025
384
1415
2307
2569
35980
34433
644
35847
262
34432
896
771
32771
32897
38025
34178
640
33152
32896
32896
32897
32896
772
34176
34052
2435
385
34180
33152
33153
32769
32776
33666
769
2186
32913
34307
33039
2055
2945
896
32901
33664
648
35715
33926
4748
33799
33025
33408
32896
32896
385
32896
33029
1283
260
35474
899
261
32897
32771
32770
32777
32898
1026
33677
34309
3200
32773
771
34948
388
649
33668
33288
33410
2562
37022
1800
33540
384
34432
34689
33920
34688
36736
35981
36754
6913
32779
35203
1282
34819
34951
34695
1411
263
35474
5145
42246
398
35842
38540
34961
2202
4250
8066
2834
42383
3210
12698
3203
1799
2432
2432
3333
1540
656
35886
14086
48267
3479
3995
7045
3457
4104
4617
1540
33152
8577
34310
5260
8202
927
33548
32774
39297
34082
1928
2836
11156
43271
2967
1927
35465
33408
33920
35712
1028
34178
1939
4793
38928
40832
39178
36865
35459
35719
32907
36997
1422
42639
38296
34580
1290
38448
36110
32807
3456
33408
35875
34316
42510
34698
44801
34050
32769
33408
33664
34434
33920
35076
2694
36384
11786
34820
3460
396
1153
33926
33159
386
644
2314
6272
8082
36232
32897
36354
2198
37520
3718
35200
1410
790
39586
35332
34820
521
33152
32896
33409
34180
1027
915
38150
7052
8206
2829
33540
33541
32771
33550
265
7046
38938
35590
8712
1030
32903
34189
8838
896
9988
7585
41731
38180
279
11282
33922
33411
1920
2306
2435
2688
1033
2068
3078
12545
34948
36227
36744
34180
33670
2688
1664
35474
3590
1152
4623
35608
40592
38541
647
2960
35716
36896
3112
6926
34827
8320
1930
3457
34176
33793
257
34820
33931
42901
35073
6172
33920
32896
32774
33794
34946
33281
1929
32770
1664
2443
36887
1166
1800
36881
5252
36739
265
37136
33548
5557
37919
3467
2821
33794
33408
33920
33283
32905
34432
2969
40961
20373
4890
32901
33039
1540
640
1153
32774
34829
267
9606
4365
36378
40199
2962
34574
5906
3086
33557
2319
3084
36619
5132
910
33925
32896
33408
33793
2688
34432
8716
32784
10199
33425
2695
32769
1920
33155
34692
34176
2821
38016
33690
2310
39434
33155
1806
1669
3336
4106
3602
35978
3330
39049
38180
34049
1152
384
32897
32896
384
3848
10278
32776
42668
35478
32906
1409
33924
33412
33409
33282
32780
35331
33673
1412
34724
4247
32920
33925
3337
528
2946
515
34954
5786
3338
775
516
2432
2561
2433
2818
2308
293
33541
43921
35207
34830
1922
33408
33537
32900
33155
35980
3330
38411
34565
35074
32772
32898
34950
2954
35219
6528
33289
34068
38445
9877
32909
899
34688
34944
34946
36224
35081
46858
6794
43799
33035
2570
1669
1410
33408
32904
777
5890
660
43020
2691
34332
908
2823
39177
3471
4236
35467
32912
39561
37643
2052
34440
32771
384
641
32898
1152
35459
42141
5258
1598
1798
36869
35461
32772
33545
33664
1152
775
769
34835
38926
4618
33678
3721
34443
33025
38662
393
1156
6796
40067
1806
390
32898
34944
34945
35206
35461
34697
33464
38658
18726
1537
32773
1026
33541
34817
33290
33027
32782
33548
36995
33281
4120
2823
36241
33422
1164
34690
33025
34057
33807
35204
35080
34308
34689
896
896
1409
2180
2561
12700
34827
22695
2820
34443
33539
32902
34432
32901
1153
2962
36635
1808
32902
34567
1411
34181
1154
34436
36628
33152
1025
34447
32902
38930
2434
896
640
32896
1029
771
2305
9995
37647
9171
2951
2953
34050
385
32782
33920
1288
38919
1952
6277
1796
34960
2949
3859
34437
2177
528
33152
1409
36867
33026
34447
33665
640
1664
1664
1285
772
2057
7206
3349
50610
910
655
32907
32899
33670
33416
32904
34190
34437
37124
2964
32772
35210
1539
33667
34056
35844
1025
33025
36748
776
1287
384
33025
640
896
896
1920
33409
34590
7562
53023
39552
33042
1804
33794
36109
517
33798
1046
1408
3847
37264
39944
33411
2054
3200
2305
33044
33927
35200
1920
1281
38528
32896
33152
32896
32772
33152
32769
1411
43783
3467
39785
36371
35460
32771
34182
36098
33922
385
1941
1033
34692
37378
35342
1537
33025
3204
1031
790
520
35587
3466
32903
34439
258
769
34432
34688
34690
33675
35458
45466
35467
6772
2319
32787
265
1545
34568
33802
257
34439
899
35715
2309
35344
1032
3472
34441
32772
33545
1158
35973
279
34196
40204
1157
33153
34176
34177
34306
35456
35977
41391
37508
20801
4231
1674
2440
1026
33794
32772
33286
34176
33415
513
32896
32898
2694
36490
33542
34306
33044
32901
35849
37379
2944
35210
33797
34049
32896
32896
643
33927
1026
6548
38179
13730
33938
33929
257
34180
34435
390
32901
33411
36231
32900
34824
33922
36098
32771
898
3073
33028
32898
34308
645
34178
1668
1920
1027
896
896
1408
782
904
6916
37637
37828
34183
3337
1542
1408
261
33665
1157
33920
1921
520
1031
906
1931
33165
33025
1537
2054
384
1030
643
2950
32900
33025
33409
896
1153
1282
1286
3597
8489
7552
60601
1803
33934
33165
1155
32901
32896
33537
902
33153
33285
1027
34823
1288
1672
33155
2180
770
33158
640
3457
1286
33415
1283
641
896
1281
896
3074
32771
33066
1162
61067
32921
32784
1411
32897
34053
513
32769
33284
33155
640
33538
35461
33664
34441
32773
33156
36612
1408
1409
2565
646
514
32898
33281
33664
33664
34305
33923
34305
41736
1412
56601
35593
33674
34947
647
34432
898
32897
32899
32897
387
32897
35336
515
34822
34688
33027
32900
33285
32900
34944
32769
640
514
640
33152
33667
33152
33413
34695
37786
903
53266
34586
35712
35075
33286
35592
33028
32898
34432
32896
1283
1798
35714
34821
32785
2944
267
34314
34052
34435
32776
34953
34818
385
33666
640
385
387
33025
1418
5027
268
47662
2568
34319
34063
33796
35968
32775
518
32774
35204
1409
34177
37508
34434
1806
35074
1793
34314
33667
33795
33672
34192
33664
33285
33281
34176
34433
34177
34944
33542
5002
38025
33596
32900
6280
2053
1282
1414
384
32897
33538
34819
35457
2051
1025
1281
2825
33666
1669
35073
1284
1795
1285
32898
1409
33025
33408
1664
1664
1664
2564
770
10003
1433
5918
33540
35464
32769
34433
1409
34178
34183
34307
772
32897
32899
514
640
2307
32772
1155
260
34562
33666
771
33538
1409
32769
32896
33152
32897
33281
33665
1281
37401
2577
5919
32788
262
644
513
32778
32898
33155
33281
385
32896
2432
1922
33409
2434
896
1920
34056
1152
33664
1409
32899
1029
642
641
33664
34176
32896
33025
34441
40083
770
12359
392
1547
1408
387
33282
514
896
640
33667
32771
34819
33537
644
1165
32900
1926
2562
33668
32896
35206
2440
34310
32896
32896
640
1153
640
1416
260
1417
34822
6732
33152
32901
33670
32770
260
34179
33410
33920
34951
33415
2823
33923
33408
33664
33408
1409
1923
33544
33282
258
2051
35722
32896
32896
384
514
261
32776
2437
778
33675
34637
34962
1924
32897
32899
33795
1153
641
32900
33920
32774
3723
32899
390
33671
897
2692
1281
3459
2176
2179
3073
2182
33025
32896
32896
32896
640
1410
35593
36101
1809
48711
650
398
32901
32902
647
260
385
1026
33664
2176
35466
33922
640
897
32896
4480
640
33410
34310
33282
1282
2821
33667
33152
32896
33153
32770
34051
2697
3215
34312
59467
2176
34945
34434
769
772
33410
33538
34690
33408
2437
32780
2561
34825
641
33664
652
32902
34688
896
384
34955
787
33408
384
384
640
641
1025
34827
1548
36229
65296
2945
2176
34437
1797
33547
32773
34052
1539
35865
44416
933
772
3586
395
3980
3716
32898
2835
2576
33805
33799
36631
33923
34688
34176
33793
35458
38658
33159
35598
1929
64901
9108
34688
34186
259
34178
2690
1667
35074
35487
35224
34058
39435
37148
36369
34574
32784
34834
2324
3591
2329
36362
398
3712
2432
32896
385
898
33159
33539
40962
33284
58765
43392
1937
34176
899
34696
33156
258
37504
33408
38658
11137
33160
7175
2432
2946
33413
33541
38817
36629
2960
42377
3330
516
33026
33152
32896
640
36356
1422
1711
1159
52864
32787
33809
35080
32901
34309
33537
34562
32896
262
2079
34312
38669
1934
1794
35974
34565
2065
272
37140
33186
8619
33048
34305
33408
640
641
1410
1928
33283
9095
35203
37927
32805
3334
33537
34432
33025
32772
33666
2576
34699
1034
2336
1922
898
32781
32900
32896
2569
3715
5902
4236
3857
38795
32897
35073
32896
32769
33025
777
1410
5651
35209
10772
3733
32784
2563
32772
1164
1542
517
641
33551
35088
3211
2961
35843
34825
2307
32780
5391
34699
34820
39183
33816
6528
1417
1922
33408
33153
33793
390
32777
33569
35589
11780
32902
34197
649
390
1409
32904
390
400
34178
1424
32788
36736
33544
1152
2177
35202
3972
33289
34820
4355
39305
36225
518
32896
33408
33152
32896
262
33667
38925
897
38345
36999
515
769
33153
1409
34050
32902
33025
1152
35467
269
33410
2310
898
33159
1282
1156
899
1414
33929
6659
33408
2432
1408
640
514
33412
35201
33030
35973
3086
50105
4875
33172
32899
897
3721
1028
32769
773
1413
5892
32927
33417
1285
33286
1793
390
389
34194
1162
1161
38149
36355
33920
33408
32896
385
384
514
34184
33434
775
64392
33179
2944
1408
32896
2564
33027
33408
3983
38162
34176
2343
36495
33153
36865
35717
2565
34696
2065
36242
35856
34186
33034
903
640
32896
33409
640
514
3202
7822
33282
62857
35715
32770
34052
34054
34321
34183
34307
35331
34176
40336
32912
4239
33677
646
2307
1416
33418
33431
899
5258
1414
32778
262
33025
384
32897
642
2176
33028
3344
33669
55473
34578
1797
2436
899
1667
514
1152
1671
257
34310
2196
36353
34563
34437
34306
34824
34820
259
35843
33920
271
258
32898
33920
34176
34176
35203
35208
34818
38914
664
39625
6426
35091
1538
518
2062
35074
34305
33797
33413
38657
2324
33673
1802
3079
33282
2435
34944
34820
2693
34180
36614
258
641
1152
32896
32896
32896
32902
33933
32923
1412
16303
35081
38533
33156
33539
35330
1032
258
4480
32772
39964
38532
35200
3205
268
1153
34433
258
391
32900
35456
36237
34433
32769
33152
1408
1153
1920
1666
1800
2055
1152
32390
38802
37261
35456
34176
32771
32904
386
35206
33026
33037
33282
33798
35723
34056
387
32769
642
33665
32897
514
900
33927
33281
33152
32896
33152
33539
34314
1666
33920
33795
19990
34055
4253
34433
1411
1284
33921
34181
2177
33152
1299
2948
32913
38021
33152
262
644
1669
1540
769
2310
643
34179
32898
32896
384
384
384
2947
34561
4482
35597
35970
4232
4623
34828
34049
34946
33284
903
34313
34820
4736
37251
33681
32784
518
774
34690
33538
1665
771
32899
2051
34820
33409
33152
33408
33408
34051
34944
2563
32805
34563
39330
6283
2432
899
900
901
2432
2432
1159
1165
2692
1795
390
2181
898
2438
32770
1031
386
386
33920
34562
32896
384
640
640
1152
769
897
36354
41489
1926
43947
39827
34063
3079
389
772
389
32898
2432
34051
2314
1925
385
33415
32896
33667
33666
384
32896
33281
387
1664
772
897
640
32896
32897
898
35456
2689
35483
6925
48647
34072
41091
1540
33027
33281
34308
34432
35589
3202
896
777
905
34176
32898
259
33799
34177
516
33152
32769
391
35207
32896
33152
33920
33665
33413
33411
36480
33432
35458
41754
33543
1157
3200
32774
898
774
899
33029
37127
35456
398
32897
33414
2306
33281
1161
270
40964
1931
35086
2708
2321
33156
32896
640
896
32897
769
33152
2946
34690
35335
7822
33166
33160
33921
261
1414
640
32900
769
33161
35212
33923
33920
33027
33154
33924
32897
32775
32899
2688
899
33670
514
32896
384
32896
1152
896
1411
4609
1804
41101
39298
6787
35722
644
33409
34179
34178
32897
1156
32772
1031
33408
769
261
32896
33285
32769
2309
33409
514
33152
1666
34433
33152
896
896
1282
1408
519
1549
1412
38796
3078
528
35968
33284
33409
33285
32896
34432
33026
32775
33920
32903
386
32896
32899
384
769
34049
33408
514
33409
35329
257
32896
33664
33537
34176
34819
33286
35842
34950
43018
1801
2432
33668
896
643
1667
643
1409
32900
32897
389
896
641
32898
33408
32773
1920
904
33667
33666
34565
33542
898
896
32896
32896
33152
32896
33924
34445
2574
44806
412
37897
32778
33664
259
33665
32897
33920
32771
518
1665
32903
32897
32896
32896
32898
33409
33665
32898
32769
33158
34435
33281
33152
32896
32896
32896
1027
1408
640
33922
44035
37135
37779
896
898
33154
32770
32896
770
385
1408
32901
33410
384
32769
640
385
32898
643
387
32769
513
642
33153
32896
33664
33408
33923
33669
641
33675
37004
45971
32771
32778
1803
262
32772
32770
32770
33794
33799
34308
32772
32900
32769
32771
33664
32896
644
33920
33664
33794
34561
387
33152
33152
32896
32896
32898
32898
34433
34433
2946
39069
6414
1682
643
32771
32769
640
33025
33283
33285
645
32906
640
769
257
32769
32769
33155
642
33153
33153
1157
33029
384
32896
32896
32896
32897
34176
33665
526
33925
5793
36750
3331
640
32896
32769
33411
33155
33537
1029
33920
641
1025
1152
32899
32896
1664
384
640
1152
32896
32769
32899
32896
32896
1408
769
2176
1539
1927
1155
1028
8197
35850
33539
34178
33923
34176
33152
32770
33408
513
385
34432
33409
33410
33409
32896
384
32896
32896
33155
33153
33409
33152
33025
33152
33152
33281
514
33410
33152
1797
513
1840
33156
1026
641
384
32897
513
32769
257
32899
896
33410
32900
33281
33027
384
32770
897
385
32896
32896
32896
384
33152
32896
32896
32896
1284
515
34946
35842
32898
35868
2818
32897
32769
32896
32897
32897
387
641
32899
34177
32897
33156
35333
899
514
34053
384
898
640
641
32897
258
32769
32896
34432
34306
33159
36488
1152
35208
32896
3591
33027
640
32771
32769
32897
32769
32896
32898
33664
258
32770
257
35847
34049
645
33924
32769
32898
32773
33541
33281
769
33153
32896
896
1665
33156
1669
34946
33409
34562
7568
518
33025
33921
384
32769
33027
32896
34948
387
1029
36484
3466
37123
1920
33029
34434
32896
33166
2309
33408
36743
33283
384
384
33152
32896
33537
33797
646
641
1793
4242
4737
899
32769
34433
33152
1412
33672
4359
33545
38542
32908
4357
38441
35985
1417
35590
3213
385
1930
916
12046
34842
36999
34305
640
1152
1027
34946
2315
3585
35460
8976
36245
34564
33794
33924
903
641
33924
1664
8346
35860
6035
33419
292
33167
3337
33548
4611
2956
1539
10885
36744
39554
4107
1408
384
896
901
32903
1664
35714
37760
35131
33924
34945
33030
261
33030
34825
32770
2439
34955
34191
1177
3329
33285
39040
2442
1032
4496
32906
34689
35976
3857
32896
1540
257
33408
33538
32770
32777
2701
35457
34309
5516
33539
32904
33799
896
2176
2439
33026
36226
36230
32772
38536
2967
32919
33943
37769
35596
3462
33297
36737
647
32896
33155
2827
640
640
385
896
1155
1668
33046
2315
34066
4102
2694
34176
265
260
1794
32772
277
3599
3721
36753
2312
34691
33417
33035
1540
2433
33281
1932
2699
4104
2564
37513
33921
32896
33408
32898
1795
34313
34177
33559
1803
39298
33161
1282
34435
32770
33664
33669
1031
35996
1565
38035
4491
35459
33155
32902
2570
33685
513
35978
33932
5910
41221
3844
896
33920
34434
34305
35844
902
35585
2702
40478
1669
386
259
517
2053
32773
1028
1287
795
36241
35486
37377
1408
35460
3333
1040
34432
33416
3586
1922
1155
656
32770
32896
33664
33664
33410
33923
35586
37517
38409
6571
2434
641
32903
33926
33667
33159
33921
395
672
3101
36610
34052
6148
1160
515
1043
1414
34055
32904
648
34180
39425
3712
33152
1920
2433
1409
4610
1920
2179
4109
47747
3460
34309
34178
1282
33028
33028
258
907
35079
5000
2944
33296
1926
391
33160
33283
35467
3091
2178
4233
4231
2701
2307
33152
32896
32896
33921
33545
2439
1664
35725
11396
35358
34060
1410
32775
32769
385
32770
644
903
3073
35359
2692
35337
36224
1408
35861
33283
33431
640
399
33408
32773
1668
32896
896
513
257
32772
1920
1557
2574
34052
34957
33159
33928
642
2432
1664
1408
1925
4483
33420
32808
34312
1283
652
34306
33302
2447
38164
35851
34448
32900
32896
1412
32896
33920
33920
34690
32902
36224
34305
33934
34054
36876
34055
35075
35076
34563
34561
34562
35458
35981
33292
41273
36742
2564
37381
32910
34313
40585
11791
3605
32773
33152
2437
1409
32769
640
32897
1539
2568
515
2053
2329
39685
5802
33410
771
2182
1025
1539
2179
641
1292
3077
38173
7570
39179
33668
770
5400
5387
40599
37001
38285
35076
33546
3209
384
34432
34433
34690
36097
34181
4251
33694
33797
5143
36619
33541
33795
34307
33794
33795
36992
2185
35082
46356
40968
3460
36740
36485
4743
35985
6407
1284
2309
3463
35968
1666
32770
1664
2177
771
1281
2568
4104
35608
3732
1926
1158
646
1410
901
896
1152
514
33794
32917
40720
3593
648
33286
2057
1428
6661
35986
2183
640
33542
32903
1672
32896
33408
33281
32896
385
36865
1167
3479
36996
37400
33286
33664
34308
34176
34436
33922
32906
33163
32774
42536
5257
33306
1043
1039
37261
41476
384
1427
1923
32899
1030
641
33152
640
769
1537
2308
1921
39043
33299
32790
38557
514
643
32901
896
515
32896
515
4871
34199
38681
35593
5523
777
2708
34432
5271
35089
2689
33282
34179
33537
900
32769
34176
34176
34432
34561
35586
34706
35477
34179
4224
271
262
257
517
259
772
33283
39811
6147
34329
7944
40961
36485
33539
33574
36884
3458
4102
34180
32896
1408
33415
33152
384
32896
642
1157
3715
39443
35348
4770
926
33414
33412
646
32902
33411
33158
392
6272
35842
33812
39817
2063
1925
33408
4385
653
537
777
35331
34177
36097
898
33152
32896
32897
642
2179
36612
3083
4499
39827
2588
34059
517
33797
33538
34564
33799
35329
34565
2181
10023
34333
34192
1161
36738
7694
3090
1941
777
2185
2182
32899
771
32896
640
896
896
771
3200
36883
36106
13575
34054
642
34442
385
2177
1921
646
33158
1157
33793
11558
32898
34336
35342
32897
5269
3977
37128
36738
257
387
262
33156
33281
34176
34049
35457
35331
36609
6401
3336
41869
36354
2948
769
34177
385
33923
32896
34691
33287
33928
14097
41496
3589
37511
2822
32930
32771
8196
3073
2179
3329
2049
1920
1408
640
386
1027
2180
3456
771
36492
33043
36496
33545
32774
1026
770
1029
261
261
1030
32774
6447
35977
2447
3468
35210
1960
2954
35717
35844
32769
1543
34692
33408
33408
32896
258
33411
33025
37379
7043
901
36482
8064
33153
1667
33920
33281
33793
32896
33409
32897
34319
40731
5005
35484
35215
4356
8332
1412
33540
32897
33793
34176
1538
33152
32896
896
386
1027
1153
6272
33793
34176
4878
33558
33160
34053
1154
384
386
33152
33409
32898
3468
39824
5915
38150
784
36488
3589
36232
33408
33152
33410
32900
32898
896
32896
33920
33793
35332
33664
37381
3978
35458
3209
36738
2185
3462
261
385
513
640
33154
1156
36098
921
34701
37130
34955
1804
34577
2049
32896
386
32769
1409
898
32896
32896
1408
515
3200
5377
3977
32771
32779
37760
36753
34821
33027
33156
33411
33152
33668
33422
33931
2561
2695
35968
38415
33288
2448
34955
1027
776
516
384
32896
32770
32898
32896
33408
33537
33537
34310
36354
5014
33680
4138
1410
33664
33152
32776
33031
33920
2050
35717
33408
33411
1807
33929
34433
899
34176
35086
34053
2185
257
641
33153
32769
32896
32896
33664
33153
33152
34954
2305
37387
39953
8089
5508
33152
1796
32904
388
33154
33410
33920
386
33924
2435
261
2952
640
33664
35969
640
32770
385
33025
33538
33281
640
32896
640
258
513
33160
33287
1672
4736
35751
33549
34436
34190
642
32897
32897
900
897
33154
1539
3723
896
2184
34437
32769
35200
906
263
257
32899
33409
898
32769
32896
384
32896
645
2708
1420
38153
34177
33322
35597
32774
32774
33539
33282
33026
33796
33025
34052
34434
34192
1410
2306
33152
640
1410
33286
514
32896
33281
33409
32896
32896
33152
32896
32896
33537
1793
34056
35462
35587
8064
640
1152
384
896
896
384
1154
1152
384
32896
659
33801
33408
32896
32898
2435
32769
517
33027
385
640
33408
32896
32896
32896
32896
1408
1031
2179
32776
2567
37259
33416
901
900
33666
32899
32898
384
32898
33537
258
1282
32898
1543
33408
771
1032
33408
33154
641
32896
33408
32896
384
32896
32896
33664
387
258
32897
33154
907
36110
640
33665
33664
32896
385
384
33667
897
262
33156
1928
2057
32776
33027
260
33291
33408
34051
33281
33409
33667
32896
33408
32896
32896
33153
33025
33538
33920
32771
33408
33924
1285
32901
32902
33153
32898
32901
1411
2952
1793
2316
4876
38540
35464
33412
1152
36108
33925
2182
3715
519
35464
32901
1410
1152
896
32896
516
34817
1282
32898
6535
32778
38791
33408
34183
644
1410
260
32775
4996
34818
39951
3212
10001
40195
36507
6032
36619
35095
5003
5260
35586
1037
36106
33435
643
